239
0.00005	58.323555079553614	29.19966480596468	0	57.89952924304184	30.587401873494066	0	15	193
0.00005	57.222232592653654	18.642991022428354	0	57.981551111294635	19.87712281059032	0	16	199
0.0000487986777719679	47.345939789953015	29.848121353694047	0	48.41147251987273	30.71112176433449	0	44	97
0.000020484459227039793	43.37899658543988	20.028417885669125	0	42.5802252231215	20.536774727757198	0	52	453
0.00004901101424199472	57.54546648849343	28.490838239697446	0	57.56547253471747	27.44020473475659	0	65	346
0.000031988592959382034	39.140093347775576	18.36434669839431	0	39.23881308504776	17.319926016783096	0	77	216
0.00003394119564825416	48.41147251987273	30.71112176433449	0	49.46289668370541	30.570873065536247	0	97	1718
0.00005	41.40270283877611	23.582869780370472	0	41.20301155006466	24.81872555079285	0	108	217
0.00005	59.34610935885439	29.025470655194716	0	60.02634158489951	28.21562747677666	0	121	1884
0.00005	47.48145882114004	28.831523523593972	0	46.4494603258437	28.1330547139494	0	127	1844
0.00005	59.05085659707905	13.910753689942851	0	58.33476843215938	13.402791327220473	0	136	495
0.00004768968371296574	52.7802845713713	15.800179291772057	0	53.21577331637384	16.77540848042888	0	138	214
0.00004861010739338095	44.2452781372575	20.38782325866042	0	45.06426295114571	19.668178985429435	0	147	2560
0.00005	57.78110578272675	21.84588749546164	0	57.36511311840929	20.82782752984484	0	149	261
0.000010193570769261558	57.78110578272675	21.84588749546164	0	56.95867660391438	22.59985949875069	0	149	428
0.00005	46.09980326413856	30.350642641145064	0	45.14940900318998	29.91644932447571	0	152	377
0.000014448814361914047	49.41184130768853	33.284035814394024	0	50.53837161959025	32.768166906010784	0	155	197
0.00004899871726954866	49.41184130768853	33.284035814394024	0	48.45351791877825	32.78849062156627	0	155	707
0.000014712330404602853	55.799360893778044	30.021321653603962	0	56.20214982710307	28.93757866856167	0	167	300
0.00004728173741323	55.799360893778044	30.021321653603962	0	54.533830290146554	30.456875412681874	0	167	1058
0.000012618353815229513	56.718651718656616	30.962318292269124	0	57.89952924304184	30.587401873494066	0	168	193
0.000013595591223809113	56.718651718656616	30.962318292269124	0	56.22571543787997	32.27750393199952	0	168	830
0.000012471655403082139	38.33503295085957	16.262533752182705	0	39.1042777035809	15.379498937047522	0	176	584
0.00005	49.017606717726785	15.68896493666847	0	50.00162391027648	15.6330655837621	0	177	361
0.000010282903795988821	57.90649961805181	17.547775919095617	0	59.087943632278034	17.763129167346235	0	181	2182
0.00004932743671949729	57.90649961805181	17.547775919095617	0	57.38684458744409	16.31229619822973	0	181	451
0.000010376127742394726	52.633645874403854	21.667515223265255	0	53.75237308858519	21.928644075319042	0	182	241
0.000012208236574789601	52.633645874403854	21.667515223265255	0	52.463718243390744	20.421279975559692	0	182	386
0.00004787839858102149	60.237967569350545	20.83544562298601	0	59.32400627271253	19.897277161529207	0	186	427
0.000010926900480623482	60.237967569350545	20.83544562298601	0	59.95267544253335	21.996833579278174	0	186	187
0.0000490545970859839	50.892959346078	31.727158993009944	0	52.22521903641798	31.43374431844778	0	198	637
0.000016291452343610574	56.74297110056477	24.40663928809284	0	57.05086243706491	25.444875968295335	0	200	201
0.000020676939894378855	57.05086243706491	25.444875968295335	0	56.06709264959535	26.275752120497067	0	201	662
0.00004670740572132502	53.21577331637384	16.77540848042888	0	54.05468780928827	16.846916191849477	0	214	332
0.000035948441366864574	39.23881308504776	17.319926016783096	0	40.303253002841544	16.95943225818069	0	216	2667
0.000016916955652556115	39.454100183249174	32.596845234352536	0	38.47759802226771	31.959280171031992	0	225	1194
0.00005	53.75237308858519	21.928644075319042	0	54.038469767365456	23.00312195374913	0	241	1752
0.00005	59.90582999975409	15.939868262100972	0	58.98469507853973	15.225607016177964	0	270	713
0.00005	56.61187494218317	34.422335795255535	0	55.7392640032276	34.96790292074448	0	279	374
0.00005	53.933875341331074	26.931245368035327	0	54.908862675910115	26.067850340101344	0	283	663
0.00005	54.2749478068457	28.031177365380827	0	53.49579288524684	28.81014178831022	0	284	1012
0.00005	53.02220262257745	32.01829824112344	0	54.254540628522335	31.595470331867083	0	287	1059
0.000011320691396276694	47.51430111713395	14.602819861067395	0	46.998856956008126	15.527178740851017	0	306	2788
0.00005	41.91149075624217	18.313083200235226	0	41.25424806672381	19.069913584290653	0	310	424
0.00004861864059975948	50.34607000180951	31.033059800686978	0	49.46289668370541	30.570873065536247	0	313	1718
0.00004698769731228366	43.59578314206436	23.068961369965162	0	43.70925901424539	24.352426554481127	0	321	1029
0.00005	46.69763433609954	13.783583942436212	0	45.70125267893783	14.494086846234086	0	341	855
0.000049506949189831026	57.56547253471747	27.44020473475659	0	58.30518544443098	26.765049557750686	0	346	2443
0.000012564900366599156	50.00162391027648	15.6330655837621	0	50.553865354059866	14.675344062953433	0	361	994
0.000015830617140559233	45.14940900318998	29.91644932447571	0	44.986689922626226	29.006931320025952	0	377	912
0.000012743509284373772	51.5286302853488	19.933328404462862	0	50.48589175487689	20.64535685836054	0	385	870
0.000010789928154430211	51.5286302853488	19.933328404462862	0	51.29889859044533	18.694522175796432	0	385	1778
0.00005	51.5286302853488	19.933328404462862	0	52.463718243390744	20.421279975559692	0	385	386
0.00005	46.1978974776342	17.07817871031368	0	47.2279398349777	16.53539814410888	0	397	2880
0.000015379793268340738	41.25424806672381	19.069913584290653	0	40.11059062141836	19.111209952338072	0	424	1922
0.00005	56.95867660391438	22.59985949875069	0	57.45220342674141	23.59583973484014	0	428	1342
0.000015300230452539873	45.211242066327586	12.549703064090675	0	44.37167943589334	13.472342169666776	0	431	2197
0.00005	42.5802252231215	20.536774727757198	0	42.233995525481646	21.51153786405027	0	453	2370
0.00005	46.00120799353757	31.30499630802143	0	46.817606722058095	31.810124475894227	0	481	2284
0.00005	52.7668892278174	12.298989841227653	0	53.77620787496929	12.510234244138022	0	487	2557
0.00005	46.070191089801696	18.125760373246923	0	44.98387237854727	18.662313224149294	0	492	2559
0.00005	58.33476843215938	13.402791327220473	0	58.02317211521526	12.480898401485307	0	495	3148
0.000013862199530499912	58.33476843215938	13.402791327220473	0	57.65784535342357	14.258164688785257	0	495	1633
0.00005	40.805720601988305	13.669214208329833	0	41.52395047121975	12.698482191240526	0	496	1861
0.000029187942494067935	41.56607792464109	14.653446778250211	0	41.25968377692205	15.60974711790849	0	497	957
0.000047307297482503325	41.56607792464109	14.653446778250211	0	42.74078432546275	14.488622547718128	0	497	2186
0.00004915394360111317	49.626330432666464	34.64484723655469	0	50.67070524889951	34.967507477904874	0	507	2470
0.00005	48.802410967440466	35.33333056907082	0	47.606445093978095	35.127282587454744	0	508	1463
0.00004437681364633121	48.66259280774534	17.56167204060013	0	49.784398753744966	17.579439877528262	0	519	2485
0.00004935233195259334	48.124743639244315	18.637330839561063	0	47.07969027984376	18.906807837696366	0	520	572
0.000014106186592095411	52.747503982432235	33.043273454815214	0	51.595932669785014	33.49972744514039	0	529	1336
0.00004829202886875601	54.627877548027286	36.82745493117673	0	55.67047349637694	36.353601055261144	0	530	1597
0.00004040852346301223	48.513277068526335	21.998192789302095	0	49.291189004234795	22.385905149106662	0	533	550
0.000048520870834939346	48.513277068526335	21.998192789302095	0	47.624781930138084	22.534138034249835	0	533	2114
0.00005	39.33888372741025	33.60375999415899	0	40.06643437237263	34.40074580487923	0	536	1093
0.000012472689617150461	58.64001615153373	31.309911573974943	0	59.67157043467026	30.887811276279627	0	545	2241
0.00002034687226790466	60.99351925959587	14.462152910873	0	60.5286841047423	13.661741133183836	0	547	548
0.000047652939604627255	49.291189004234795	22.385905149106662	0	50.292286789347315	21.780496775005812	0	550	1370
0.000017185927125425682	49.291189004234795	22.385905149106662	0	49.4819426502918	23.441900497210255	0	550	3040
0.00004780070941533158	49.40736734724898	28.020396353093382	0	48.34197883700294	28.077384895151034	0	555	556
0.000010606650587498656	49.40736734724898	28.020396353093382	0	49.80791407128342	26.862367324636942	0	555	3227
0.00005	48.34197883700294	28.077384895151034	0	47.71622151720725	27.025917333721906	0	556	2389
0.00005	50.19496498334994	28.789271692297703	0	51.519381106413846	28.254417221047624	0	557	1063
0.000015431226582905194	47.07969027984376	18.906807837696366	0	46.77584439218445	20.00360502771561	0	572	1692
0.00003855794938661628	64.53807232587338	32.20110696588459	0	63.68818463349092	32.8001360650981	0	601	3048
0.00005	56.2846812353805	16.08780347019953	0	55.801834320195255	15.033895045236128	0	623	1643
0.000012558827416918911	56.06709264959535	26.275752120497067	0	56.34183196522298	27.21003616733458	0	662	2045
0.00002519979632858524	54.908862675910115	26.067850340101344	0	54.63845625162927	25.03887347135655	0	663	1910
0.00005	55.32974842538694	17.778498579985996	0	55.95726869330599	18.68828891333068	0	667	668
0.000015096338039308868	57.4805927538309	34.906138550751436	0	58.25297091127206	34.16446432153167	0	692	2605
0.00005	58.63798263229645	37.62110603573402	0	59.522067404489015	37.057122878788036	0	731	1081
0.00005	51.7648575156533	27.24046006205907	0	52.8416217486939	26.633505227085102	0	738	900
0.000049452161107532155	50.04548160574956	29.722609365657192	0	49.46289668370541	30.570873065536247	0	761	1718
0.000013330955204718187	45.37515179014663	16.35309802640006	0	45.983663203659894	15.402655184660734	0	766	1580
0.00005	55.48879488881438	24.20853857154978	0	55.1481021200753	23.198001196423966	0	767	791
0.00005	41.338738982436716	30.14374544750231	0	42.389369960556856	30.73035940710529	0	770	1142
0.000020432440328691352	40.42448404024001	30.748295369303505	0	40.528641150703365	32.03543299646751	0	771	1339
0.00003985700405384005	44.66510969213842	21.260351274339196	0	44.56000770502126	22.300654427966662	0	816	1621
0.00005	58.66858633946296	32.44176666878974	0	57.99932874333299	33.147869276979456	0	826	2606
0.00005	56.22571543787997	32.27750393199952	0	55.02713495137718	32.475102212519566	0	830	831
0.000014435785675969128	55.02713495137718	32.475102212519566	0	54.582821576549826	33.40706740579042	0	831	2548
0.00005	58.861546314403405	22.395940430575354	0	58.63329684328598	23.572394182528715	0	852	1341
0.00005	51.92744260104024	22.562008077104053	0	52.30522333539449	23.64937708164756	0	888	3314
0.0000485273355724256	51.92744260104024	22.562008077104053	0	50.96228884734282	22.553978819018493	0	888	974
0.0000298536916040552	43.258733699339785	30.13737354466014	0	43.18932644551312	29.09317491279859	0	892	3225
0.00005	43.258733699339785	30.13737354466014	0	44.217396059037306	30.57962878633726	0	892	1651
0.000049852624836071626	59.74613176829778	18.878498621617865	0	59.087943632278034	17.763129167346235	0	894	2182
0.000045275820055496446	52.8416217486939	26.633505227085102	0	52.73496983470678	25.58581297651503	0	900	3110
0.000044654846100263396	44.986689922626226	29.006931320025952	0	43.98526972464689	28.625912150025954	0	912	3247
0.00005	55.5836555022598	16.73270820485791	0	54.68063773445991	16.170141666454192	0	930	3054
0.00005	39.82544016295178	13.709514965433326	0	38.99389933563059	14.475375669954608	0	934	985
0.00005	41.25968377692205	15.60974711790849	0	40.20385170402476	15.905070093770607	0	957	2666
0.00004350616053286654	50.96228884734282	22.553978819018493	0	50.292286789347315	21.780496775005812	0	974	1370
0.000012068405488159437	53.49579288524684	28.81014178831022	0	53.66244418638581	29.847299045270475	0	1012	2864
0.000010524508848127834	53.49579288524684	28.81014178831022	0	52.27773897526609	28.84944981006231	0	1012	3155
0.00005	57.99747323688773	15.351797473353457	0	57.65784535342357	14.258164688785257	0	1013	1633
0.00001051001475970507	54.533830290146554	30.456875412681874	0	54.254540628522335	31.595470331867083	0	1058	1059
0.0000481256935290913	49.753837602924065	20.071749498433977	0	48.82665673762217	20.228700185323415	0	1072	2756
0.000011146662698851836	40.06643437237263	34.40074580487923	0	40.927214624859076	34.4351647548674	0	1093	1095
0.00005	40.927214624859076	34.4351647548674	0	41.386772971793036	35.27269435402471	0	1095	2847
0.00005	50.84098811662383	26.617285504852706	0	49.80791407128342	26.862367324636942	0	1123	3227
0.00004648652262582102	50.84098811662383	26.617285504852706	0	51.049953368225616	25.72547037822773	0	1123	1860
0.00002693593528892229	42.389369960556856	30.73035940710529	0	42.54796783378754	31.932785745352152	0	1142	2706
0.00005	42.57379706288546	34.309218671368484	0	41.70705960890158	33.69191159607972	0	1147	2804
0.00005	56.967015736643205	13.774660509695436	0	57.65784535342357	14.258164688785257	0	1151	1633
0.00005	56.078709957751485	14.126484040724442	0	55.35237512017396	13.235444828486525	0	1152	3199
0.00005	56.6060752331755	37.279971891047516	0	57.64958428973378	36.88752604772498	0	1205	1803
0.000011546814511596203	46.08277153781674	23.638555260658002	0	45.654638012710066	24.58894166070104	0	1243	1244
0.000018445562396720814	45.654638012710066	24.58894166070104	0	46.402740566096476	25.475571537841062	0	1244	2936
0.00005	44.70493173728849	14.412376791095473	0	44.10337006474835	15.388901876804976	0	1282	2458
0.000011765705852001646	42.488373879724044	22.644015979639473	0	42.233995525481646	21.51153786405027	0	1330	2370
0.0000306590203244906	40.528641150703365	32.03543299646751	0	41.601493966130754	32.63330941291318	0	1339	1663
0.00005	53.544574484632065	19.59016922763493	0	54.45987399015618	20.129267230894225	0	1360	2204
0.00001593062190659054	45.152305685020984	33.451449641568715	0	43.99982392465343	33.37076683809902	0	1371	2684
0.000014596187500075777	54.38520836945119	38.176424060687076	0	53.15964636007847	38.48156000546865	0	1388	1640
0.000049040950588861686	53.84300283376857	9.290737932472438	0	52.84161716960998	9.060620084812637	0	1390	3145
0.00001516060531412089	53.53552861354977	33.552410738829714	0	54.582821576549826	33.40706740579042	0	1423	2548
0.00005	59.965726985354166	17.052991103621622	0	60.841746384204605	17.686921487477015	0	1424	2989
0.00005	55.524674457052384	28.102066384284363	0	56.34183196522298	27.21003616733458	0	1438	2045
0.00004828428016705168	45.56637933277059	32.70488548538731	0	46.58318514424486	32.664744714957294	0	1462	2283
0.000010575317266417723	45.56637933277059	32.70488548538731	0	45.21396205886987	31.864031585347874	0	1462	2963
0.00005	36.954086784086854	27.12842119283529	0	37.087724875063955	28.38044638088231	0	1483	1917
0.00005	41.43006097157608	17.321835202133304	0	42.11817898736187	16.48281480293201	0	1489	2019
0.00005	59.229015457063255	24.292202392266155	0	58.89306498594452	25.198648473736213	0	1493	3320
0.000010315068986856145	58.06531466240605	25.70400483812694	0	58.30518544443098	26.765049557750686	0	1496	2443
0.00005	63.494198938948756	21.071255381711054	0	63.79344390031956	22.172673627120893	0	1530	2736
0.00004837203258685574	52.20019185998376	14.006808690857477	0	53.078556146250406	14.670616411288584	0	1575	2430
0.00005	44.491179592884414	16.421054773682915	0	43.77231026937124	17.094097914755668	0	1581	2703
0.00005	43.911771946830704	18.073918726303052	0	43.12588096761152	18.7203791145919	0	1585	1586
0.00005	61.11261843851074	28.710813451352535	0	60.99044652203776	29.702837595460934	0	1596	2008
0.000012653608145599157	61.265126371144944	31.522891905188046	0	60.29907177517552	31.67410185736742	0	1601	1602
0.00004876129848548618	61.265126371144944	31.522891905188046	0	61.67443374719829	30.448331494532404	0	1601	2007
0.00005	60.29907177517552	31.67410185736742	0	59.769581653532604	32.62377598649187	0	1602	1926
0.000010124313421517909	40.50796808612222	28.29258836060879	0	41.348406538604664	28.972154899552265	0	1664	1665
0.000017951454679470467	46.77584439218445	20.00360502771561	0	45.84673577474083	20.22842332454631	0	1692	2264
0.00005	46.176440168691606	21.864285878272635	0	45.61798034934936	22.755881041642464	0	1726	1830
0.000021970067341442736	46.176440168691606	21.864285878272635	0	46.97049618668821	21.768952784573663	0	1726	1846
0.00002692197305496504	51.83757535243342	17.846284688894343	0	52.77612044027941	17.884964319903208	0	1777	2916
0.000010135300269011463	51.83757535243342	17.846284688894343	0	51.313333689827914	16.726574065197894	0	1777	2721
0.00005	51.29889859044533	18.694522175796432	0	50.17373045054583	18.49814798959976	0	1778	2486
0.000034593846787355105	60.49565626122494	35.91802842509756	0	59.54248400166175	36.166051329911454	0	1797	3147
0.000014932802105669953	57.64958428973378	36.88752604772498	0	57.891145710399954	35.78596417300536	0	1803	2395
0.00001241552755367533	44.68131045962483	24.836652987856673	0	44.49851036630461	25.902403229030064	0	1827	2740
0.000011502001315144185	61.13816968179161	26.612499188296922	0	61.20392986901193	25.59711657994633	0	1840	2966
0.00001111240460032986	46.4494603258437	28.1330547139494	0	45.56438336237897	28.253900878623348	0	1844	2219
0.000018101149936822382	46.97049618668821	21.768952784573663	0	47.624781930138084	22.534138034249835	0	1846	2114
0.00005	46.97049618668821	21.768952784573663	0	47.37292783309173	20.780995845592414	0	1846	3293
0.00005	51.049953368225616	25.72547037822773	0	51.86717085326797	25.300952684864015	0	1860	3111
0.000013282866737501366	51.049953368225616	25.72547037822773	0	50.40025217249956	25.096761929932782	0	1860	3183
0.00001162741859224944	41.52395047121975	12.698482191240526	0	42.740900711827805	12.727362918474183	0	1861	2581
0.000015237430587336568	60.52271975854608	37.36927067875674	0	61.117450577493074	36.644464305535344	0	1865	2190
0.0000493031297302703	55.90875150899866	22.40012167687758	0	55.54449103079983	21.498105189756472	0	1866	2570
0.00004990317651390365	49.11197288033922	49.50744251380317	0	50.14043621295281	48.89775192870739	0	1870	1904
0.00004552138528716432	60.06985354849826	27.238828875229828	0	60.02634158489951	28.21562747677666	0	1883	1884
0.000010857198867274611	38.88595453091882	27.015965164015632	0	38.81521917038681	27.97379158660116	0	1901	2874
0.000017258567015911308	40.11059062141836	19.111209952338072	0	39.993438026352656	20.113086570740982	0	1922	1923
0.000017892312255979365	54.497744963096196	21.221506830872773	0	54.45987399015618	20.129267230894225	0	1929	2204
0.000012142313742614228	54.497744963096196	21.221506830872773	0	55.54449103079983	21.498105189756472	0	1929	2570
0.00004780052554368046	55.52989755493577	19.77437621766059	0	56.1784234613981	20.679783046012783	0	1953	2630
0.00005	40.34009364421	36.61081390249675	0	39.47966811701525	36.14846282876167	0	1998	2931
0.000011461779398467375	42.11817898736187	16.48281480293201	0	42.997313655016086	16.442111013618603	0	2019	2841
0.00005	46.814481794386054	49.501362062853204	0	45.765592366636426	49.05763834233521	0	2025	3313
0.00005	38.62838763230757	30.979180249809737	0	37.8647215554688	30.3642218362056	0	2027	2028
0.00005	47.624781930138084	22.534138034249835	0	47.29551710060886	23.512145346964342	0	2114	2391
0.00002273293090117009	61.93519416392352	32.32586515756194	0	62.8942519317561	32.13047656884965	0	2138	2415
0.00004904253322251552	59.04238190563004	34.630001863316515	0	59.957468680347674	34.369249157767115	0	2179	2180
0.000013921420333000318	43.19737724341802	13.533270705031407	0	44.37167943589334	13.472342169666776	0	2185	2197
0.000022557925725343882	43.19737724341802	13.533270705031407	0	42.74078432546275	14.488622547718128	0	2185	2186
0.00005	56.54724443065825	11.97886795655658	0	57.1317228821686	12.663847995178528	0	2215	2861
0.000046159405112278463	48.07842246861106	26.217692967158022	0	49.10472651244119	26.111131500130707	0	2218	2685
0.00005	48.07842246861106	26.217692967158022	0	47.41137731471831	25.404379839607514	0	2218	2750
0.00005	45.56438336237897	28.253900878623348	0	44.914448391933476	27.448836631595682	0	2219	3101
0.00004820048249540364	59.95363780547915	29.991107425028787	0	59.67157043467026	30.887811276279627	0	2240	2241
0.00004928948629824242	45.84673577474083	20.22842332454631	0	45.6497631976515	21.101147236122084	0	2264	3016
0.00005	53.57075179757459	18.59234490843363	0	52.77612044027941	17.884964319903208	0	2296	2916
0.000011512407303616657	39.67942944797563	47.29999946187256	0	40.3928199655595	47.99380220715045	0	2313	2648
0.00005	53.29752328753838	23.829362106238846	0	53.55681700306311	24.854576248720455	0	2351	2613
0.00004048969634376752	63.26675853069467	31.19155572195229	0	62.8942519317561	32.13047656884965	0	2362	2415
0.000020607695024505766	47.71622151720725	27.025917333721906	0	46.73042800210484	27.148870102888366	0	2389	2867
0.000021808497649491316	47.87602032412402	24.39134004877383	0	47.41137731471831	25.404379839607514	0	2390	2750
0.00005	57.891145710399954	35.78596417300536	0	58.899960650135355	35.62847261213781	0	2395	3210
0.000010892486416200354	39.25282874055165	21.619538776515007	0	38.37337276673356	22.18258473731673	0	2399	2400
0.00005	54.01422450613227	14.451754549041133	0	54.76449136542121	15.242907642926944	0	2429	3053
0.00005	43.31352484539792	15.404219098063002	0	42.997313655016086	16.442111013618603	0	2459	2841
0.00004904995539389927	51.16380137012103	35.81479405649321	0	52.18998274010246	35.647539360473075	0	2471	2719
0.000011596195847102767	55.65620244755536	12.198641258835573	0	55.06562810932435	11.47867930962881	0	2497	3205
0.00004814067656955805	54.85788107352696	34.40125520875583	0	53.9936975552915	35.008594728806045	0	2547	2946
0.00005	52.58617093860211	30.401340041780017	0	53.66244418638581	29.847299045270475	0	2574	2864
0.00004397234072770214	53.55681700306311	24.854576248720455	0	52.73496983470678	25.58581297651503	0	2613	3110
0.00005	49.488099362055536	25.237341232051523	0	48.92643832763112	24.33086290824515	0	2615	3039
0.00005	49.488099362055536	25.237341232051523	0	50.40025217249956	25.096761929932782	0	2615	3183
0.000024248592734425746	49.488099362055536	25.237341232051523	0	49.10472651244119	26.111131500130707	0	2615	2685
0.00005	50.92865492385366	30.184796100807922	0	51.836496170306276	29.846491016463126	0	2620	2640
0.00005	39.50073268282568	30.329607685966273	0	39.244730739149354	29.46146732992259	0	2656	3202
0.00003523257432990978	53.64957484239264	10.906899806345993	0	54.21277603358345	11.674014384305383	0	2661	3206
0.00005	43.99982392465343	33.37076683809902	0	43.58047989885134	32.3330284769028	0	2684	3297
0.00003149667800364696	49.10472651244119	26.111131500130707	0	49.80791407128342	26.862367324636942	0	2685	3227
0.00005	42.54796783378754	31.932785745352152	0	43.58047989885134	32.3330284769028	0	2706	3297
0.000012895843741699105	52.38466981132224	34.82433613313512	0	53.25484993810844	34.494944267416194	0	2718	2947
0.00004955868856738788	51.313333689827914	16.726574065197894	0	50.38532523103895	16.656103440028484	0	2721	2722
0.00004102348578567057	44.49851036630461	25.902403229030064	0	45.15308955818018	26.590957798591397	0	2740	3100
0.000010098926573106133	40.801902169190924	45.959988284405014	0	41.47571835081768	46.56319004869019	0	2798	3195
0.00004987453708829915	48.74422712819458	19.320297545229067	0	49.67140799349647	19.16334685833963	0	2848	2902
0.00005	46.73042800210484	27.148870102888366	0	46.08399220488681	26.41183743455803	0	2867	3224
0.00005	59.35124564110646	26.664690310374745	0	59.65283681142518	25.714044157898456	0	2875	3319
0.000012308840113353995	49.11118767504256	13.535372120821165	0	50.199547215212064	13.660846291693964	0	2887	3232
0.000017336166052486036	37.97773660383377	28.6429496337417	0	38.251379752931534	29.50204233200308	0	2910	3152
0.00004746707552164119	45.21396205886987	31.864031585347874	0	44.38054438531818	31.57285738033306	0	2963	3211
0.000013974502612876688	57.64317240652019	10.786632303700528	0	58.25341858883296	11.653059227611326	0	2967	3149
0.000048100169567567775	40.87549066978732	20.528016068913693	0	41.669866915774776	19.9855663407354	0	2991	3117
0.00004028960945949041	42.329630262898135	28.514570227293703	0	43.18932644551312	29.09317491279859	0	3000	3225
0.00005	48.92643832763112	24.33086290824515	0	49.4819426502918	23.441900497210255	0	3039	3040
0.00005	49.4819426502918	23.441900497210255	0	50.4594732420407	23.528682698491938	0	3040	3116
0.00001306223871013438	60.437204906037294	25.272800114402947	0	59.65283681142518	25.714044157898456	0	3061	3319
0.000043487169271242855	50.81612172982403	24.277065807408096	0	50.40025217249956	25.096761929932782	0	3086	3183
0.00005	50.81612172982403	24.277065807408096	0	50.4594732420407	23.528682698491938	0	3086	3116
0.000011267614646014746	45.15308955818018	26.590957798591397	0	44.914448391933476	27.448836631595682	0	3100	3101
0.00005	51.86717085326797	25.300952684864015	0	51.69671806948041	24.389730932478155	0	3111	3301
0.00004144209171131449	51.69671806948041	24.389730932478155	0	52.30522333539449	23.64937708164756	0	3301	3314
