2896
0	-2.1E-4
0.01	-2.5E-4
0.02	-3E-4
0.03	-3.3E-4
0.04	-3.5E-4
0.05	-3.3E-4
0.06	-2.8E-4
0.07	-2.2E-4
0.08	-1.7E-4
0.09	-1.6E-4
0.1	-1.9E-4
0.11	-2.3E-4
0.12	-2.8E-4
0.13	-3.1E-4
0.14	-3.2E-4
0.15	-3E-4
0.16	-2.5E-4
0.17	-1.8E-4
0.18	-1.3E-4
0.19	-1.2E-4
0.2	-1.5E-4
0.21	-2E-4
0.22	-2.5E-4
0.23	-2.7E-4
0.24	-2.8E-4
0.25	-2.6E-4
0.26	-2.1E-4
0.27	-1.4E-4
0.28	-9E-5
0.29	-8E-5
0.3	-1E-4
0.31	-1.4E-4
0.32	-1.8E-4
0.33	-2.1E-4
0.34	-2.1E-4
0.35	-1.8E-4
0.36	-1.4E-4
0.37	-1.1E-4
0.38	-1.1E-4
0.39	-1.7E-4
0.4	-2.7E-4
0.41	-3.7E-4
0.42	-4.3E-4
0.43	-4.4E-4
0.44	-4.3E-4
0.45	-3.8E-4
0.46	-3E-4
0.47	-2.1E-4
0.48	-1.4E-4
0.49	-1E-4
0.5	-1E-4
0.51	-1.1E-4
0.52	-1.3E-4
0.53	-1.3E-4
0.54	-1E-4
0.55	-6E-5
0.56	-1E-5
0.57	3E-5
0.58	3E-5
0.59	0
0.6	-7E-5
0.61	-1.3E-4
0.62	-1.7E-4
0.63	-1.7E-4
0.64	-1.4E-4
0.65	-1E-4
0.66	-7E-5
0.67	-8E-5
0.68	-1.7E-4
0.69	-2.9E-4
0.7	-4.1E-4
0.71	-4.9E-4
0.72	-5E-4
0.73	-4.6E-4
0.74	-3.6E-4
0.75	-2.2E-4
0.76	-4E-5
0.77	1.1E-4
0.78	2.1E-4
0.79	2.3E-4
0.8	2.1E-4
0.81	1.7E-4
0.82	1.3E-4
0.83	7E-5
0.84	-2E-5
0.85	-1.2E-4
0.86	-1.8E-4
0.87	-1.8E-4
0.88	-1.4E-4
0.89	-1.1E-4
0.9	-1.2E-4
0.91	-1.6E-4
0.92	-2.1E-4
0.93	-2.4E-4
0.94	-2.5E-4
0.95	-2.1E-4
0.96	-1.3E-4
0.97	-1E-5
0.98	1.3E-4
0.99	2.8E-4
1	3.7E-4
1.01	4E-4
1.02	3.5E-4
1.03	2.5E-4
1.04	1.7E-4
1.05	1.2E-4
1.06	6E-5
1.07	1E-5
1.08	2E-5
1.09	1.4E-4
1.1	4E-4
1.11	7.5E-4
1.12	0.00112
1.13	0.00145
1.14	0.00173
1.15	0.00196
1.16	0.0021
1.17	0.0021
1.18	0.00191
1.19	0.00156
1.2	0.00113
1.21	7.2E-4
1.22	4E-4
1.23	1.7E-4
1.24	0
1.25	-1.2E-4
1.26	-2.1E-4
1.27	-2.8E-4
1.28	-4E-4
1.29	-5.7E-4
1.3	-7.5E-4
1.31	-8.7E-4
1.32	-8.3E-4
1.33	-6.7E-4
1.34	-4.4E-4
1.35	-1.6E-4
1.36	1.8E-4
1.37	6E-4
1.38	0.00104
1.39	0.0014
1.4	0.00157
1.41	0.0015
1.42	0.00126
1.43	0.00101
1.44	9.1E-4
1.45	1E-3
1.46	0.00124
1.47	0.00149
1.48	0.00162
1.49	0.00157
1.5	0.00134
1.51	9.8E-4
1.52	5.7E-4
1.53	2.2E-4
1.54	7E-5
1.55	2.5E-4
1.56	8.1E-4
1.57	0.00169
1.58	0.00273
1.59	0.00369
1.6	0.00429
1.61	0.00437
1.62	0.00394
1.63	0.00318
1.64	0.00233
1.65	0.00148
1.66	5.8E-4
1.67	-4.7E-4
1.68	-0.00161
1.69	-0.00257
1.7	-0.00301
1.71	-0.00281
1.72	-0.00215
1.73	-0.00136
1.74	-7.1E-4
1.75	-2.9E-4
1.76	-8E-5
1.77	-3E-5
1.78	-4E-5
1.79	1E-5
1.8	2E-4
1.81	5.4E-4
1.82	8.7E-4
1.83	9.6E-4
1.84	6.3E-4
1.85	-7E-5
1.86	-9.4E-4
1.87	-0.00178
1.88	-0.00244
1.89	-0.00276
1.9	-0.00256
1.91	-0.00163
1.92	1.6E-4
1.93	0.00276
1.94	0.00613
1.95	0.00987
1.96	0.01332
1.97	0.01585
1.98	0.01699
1.99	0.0165
2	0.01457
2.01	0.01153
2.02	0.00781
2.03	0.00383
2.04	1.2E-4
2.05	-0.00291
2.06	-0.00509
2.07	-0.00644
2.08	-0.0071
2.09	-0.00724
2.1	-0.00691
2.11	-0.00613
2.12	-0.00493
2.13	-0.00342
2.14	-0.00174
2.15	2E-5
2.16	0.00198
2.17	0.00423
2.18	0.00665
2.19	0.00886
2.2	0.01053
2.21	0.01147
2.22	0.01161
2.23	0.01105
2.24	0.00999
2.25	0.00863
2.26	0.00709
2.27	0.00546
2.28	0.00387
2.29	0.00238
2.3	9.1E-4
2.31	-7E-4
2.32	-0.00238
2.33	-0.00385
2.34	-0.00475
2.35	-0.00492
2.36	-0.00457
2.37	-0.00397
2.38	-0.0034
2.39	-0.00306
2.4	-0.00303
2.41	-0.00324
2.42	-0.00371
2.43	-0.00434
2.44	-0.00459
2.45	-0.00393
2.46	-0.00214
2.47	5.4E-4
2.48	0.00363
2.49	0.0066
2.5	0.00899
2.51	0.0105
2.52	0.01105
2.53	0.01074
2.54	0.00997
2.55	0.00898
2.56	0.00795
2.57	0.0072
2.58	0.00687
2.59	0.00702
2.6	0.00769
2.61	0.00846
2.62	0.00857
2.63	0.00747
2.64	0.00509
2.65	0.00193
2.66	-0.00118
2.67	-0.00361
2.68	-0.00528
2.69	-0.00649
2.7	-0.00729
2.71	-0.00754
2.72	-0.0073
2.73	-0.00681
2.74	-0.00641
2.75	-0.00631
2.76	-0.00647
2.77	-0.00676
2.78	-0.00702
2.79	-0.00688
2.8	-0.0059
2.81	-0.00387
2.82	-8.4E-4
2.83	0.00292
2.84	0.00695
2.85	0.01067
2.86	0.01356
2.87	0.01535
2.88	0.01586
2.89	0.01509
2.9	0.01327
2.91	0.01081
2.92	0.00794
2.93	0.0046
2.94	8.8E-4
2.95	-0.00263
2.96	-0.00527
2.97	-0.00671
2.98	-0.00718
2.99	-0.00735
3	-0.00764
3.01	-0.00818
3.02	-0.00894
3.03	-0.00967
3.04	-0.01013
3.05	-0.0102
3.06	-0.00964
3.07	-0.00801
3.08	-0.00511
3.09	-0.00108
3.1	0.00365
3.11	0.00864
3.12	0.01338
3.13	0.01727
3.14	0.01975
3.15	0.02061
3.16	0.02013
3.17	0.01882
3.18	0.017
3.19	0.01499
3.2	0.01316
3.21	0.01173
3.22	0.01068
3.23	0.00971
3.24	0.00813
3.25	0.00581
3.26	0.00331
3.27	0.00109
3.28	-6.5E-4
3.29	-0.00237
3.3	-0.00456
3.31	-0.00723
3.32	-0.00999
3.33	-0.01235
3.34	-0.01397
3.35	-0.01465
3.36	-0.01445
3.37	-0.01351
3.38	-0.01208
3.39	-0.0106
3.4	-0.00961
3.41	-0.00946
3.42	-0.00991
3.43	-0.01041
3.44	-0.01058
3.45	-0.01014
3.46	-0.00886
3.47	-0.00667
3.48	-0.00367
3.49	-3.3E-4
3.5	0.00256
3.51	0.00455
3.52	0.00555
3.53	0.00581
3.54	0.00573
3.55	0.0055
3.56	0.00517
3.57	0.00484
3.58	0.00477
3.59	0.005
3.6	0.00522
3.61	0.00511
3.62	0.00412
3.63	0.002
3.64	-0.00107
3.65	-0.00481
3.66	-0.00862
3.67	-0.01187
3.68	-0.01434
3.69	-0.0159
3.7	-0.01639
3.71	-0.01596
3.72	-0.01488
3.73	-0.01339
3.74	-0.01192
3.75	-0.01075
3.76	-0.00985
3.77	-0.00917
3.78	-0.00878
3.79	-0.00863
3.8	-0.00848
3.81	-0.00813
3.82	-0.00723
3.83	-0.0055
3.84	-0.00295
3.85	8E-5
3.86	0.00303
3.87	0.00541
3.88	0.00691
3.89	0.00743
3.9	0.00679
3.91	0.00499
3.92	0.00242
3.93	-4.2E-4
3.94	-0.0031
3.95	-0.00546
3.96	-0.00745
3.97	-0.00906
3.98	-0.01021
3.99	-0.01073
4	-0.01064
4.01	-0.01031
4.02	-0.01011
4.03	-0.01016
4.04	-0.01016
4.05	-0.00953
4.06	-0.00803
4.07	-0.006
4.08	-0.00376
4.09	-0.00152
4.1	5.9E-4
4.11	0.00242
4.12	0.00362
4.13	0.00381
4.14	0.00299
4.15	0.00152
4.16	-5E-5
4.17	-0.00116
4.18	-0.00134
4.19	-1.9E-4
4.2	0.00257
4.21	0.00659
4.22	0.01115
4.23	0.01562
4.24	0.01949
4.25	0.02253
4.26	0.02469
4.27	0.02583
4.28	0.02581
4.29	0.02472
4.3	0.02278
4.31	0.02017
4.32	0.01717
4.33	0.01411
4.34	0.01132
4.35	0.00919
4.36	0.00804
4.37	0.00769
4.38	0.00768
4.39	0.00756
4.4	0.00689
4.41	0.00553
4.42	0.00372
4.43	0.00189
4.44	3.4E-4
4.45	-3.6E-4
4.46	3.1E-4
4.47	0.00253
4.48	0.0061
4.49	0.0104
4.5	0.01446
4.51	0.01778
4.52	0.02049
4.53	0.02265
4.54	0.02428
4.55	0.02572
4.56	0.0271
4.57	0.02826
4.58	0.02895
4.59	0.02874
4.6	0.0273
4.61	0.02464
4.62	0.02108
4.63	0.01698
4.64	0.01272
4.65	0.00883
4.66	0.00574
4.67	0.00379
4.68	0.00346
4.69	0.00493
4.7	0.00779
4.71	0.01123
4.72	0.01425
4.73	0.01609
4.74	0.01662
4.75	0.0161
4.76	0.01476
4.77	0.01277
4.78	0.0102
4.79	0.00714
4.8	0.00388
4.81	9.2E-4
4.82	-0.00111
4.83	-0.0022
4.84	-0.00281
4.85	-0.0028
4.86	-0.00185
4.87	2.2E-4
4.88	0.00336
4.89	0.00734
4.9	0.01154
4.91	0.01545
4.92	0.0186
4.93	0.02075
4.94	0.02223
4.95	0.02356
4.96	0.02458
4.97	0.02517
4.98	0.02554
4.99	0.02562
5	0.0253
5.01	0.02456
5.02	0.0232
5.03	0.02063
5.04	0.01685
5.05	0.01247
5.06	0.00836
5.07	0.00525
5.08	0.00347
5.09	0.00289
5.1	0.00315
5.11	0.00384
5.12	0.00449
5.13	0.00462
5.14	0.00417
5.15	0.0034
5.16	0.00265
5.17	0.00233
5.18	0.00296
5.19	0.00464
5.2	0.00691
5.21	0.0091
5.22	0.01048
5.23	0.01063
5.24	0.00978
5.25	0.00863
5.26	0.00769
5.27	0.00733
5.28	0.00799
5.29	0.00991
5.3	0.01282
5.31	0.01585
5.32	0.01774
5.33	0.01705
5.34	0.01303
5.35	0.00623
5.36	-0.00209
5.37	-0.01081
5.38	-0.01945
5.39	-0.028
5.4	-0.03624
5.41	-0.04301
5.42	-0.04694
5.43	-0.04746
5.44	-0.04486
5.45	-0.03985
5.46	-0.03376
5.47	-0.0276
5.48	-0.02208
5.49	-0.01861
5.5	-0.01703
5.51	-0.0156
5.52	-0.01253
5.53	-0.00731
5.54	-7.2E-4
5.55	0.0061
5.56	0.01181
5.57	0.01603
5.58	0.01902
5.59	0.02093
5.6	0.02172
5.61	0.02143
5.62	0.02084
5.63	0.02148
5.64	0.02518
5.65	0.03239
5.66	0.04227
5.67	0.05354
5.68	0.06458
5.69	0.07343
5.7	0.07777
5.71	0.07611
5.72	0.06846
5.73	0.05615
5.74	0.04156
5.75	0.02739
5.76	0.01598
5.77	0.00909
5.78	0.00785
5.79	0.01209
5.8	0.02091
5.81	0.03277
5.82	0.04575
5.83	0.05819
5.84	0.06888
5.85	0.07708
5.86	0.08246
5.87	0.08537
5.88	0.0865
5.89	0.08601
5.9	0.08364
5.91	0.07899
5.92	0.07184
5.93	0.06211
5.94	0.05067
5.95	0.03907
5.96	0.02843
5.97	0.01939
5.98	0.01268
5.99	0.00856
6	0.00647
6.01	0.00522
6.02	0.00316
6.03	-7.8E-4
6.04	-0.00662
6.05	-0.01383
6.06	-0.02186
6.07	-0.02974
6.08	-0.03644
6.09	-0.04148
6.1	-0.04518
6.11	-0.04789
6.12	-0.04985
6.13	-0.05049
6.14	-0.04821
6.15	-0.04254
6.16	-0.03511
6.17	-0.0267
6.18	-0.017
6.19	-0.00638
6.2	0.00476
6.21	0.01509
6.22	0.02356
6.23	0.03037
6.24	0.03622
6.25	0.04149
6.26	0.04604
6.27	0.04883
6.28	0.04901
6.29	0.04714
6.3	0.04486
6.31	0.04306
6.32	0.04101
6.33	0.03837
6.34	0.03616
6.35	0.03645
6.36	0.04085
6.37	0.04904
6.38	0.05903
6.39	0.06856
6.4	0.07583
6.41	0.07879
6.42	0.07525
6.43	0.06504
6.44	0.04989
6.45	0.03311
6.46	0.01803
6.47	0.00667
6.48	-3.5E-4
6.49	-0.0036
6.5	-0.00399
6.51	-0.00257
6.52	-6E-5
6.53	0.00357
6.54	0.00872
6.55	0.01606
6.56	0.02504
6.57	0.03302
6.58	0.03687
6.59	0.03492
6.6	0.02752
6.61	0.0163
6.62	0.0027
6.63	-0.01303
6.64	-0.03114
6.65	-0.05066
6.66	-0.06905
6.67	-0.08376
6.68	-0.09345
6.69	-0.09869
6.7	-0.10089
6.71	-0.10102
6.72	-0.09931
6.73	-0.09505
6.74	-0.08761
6.75	-0.07775
6.76	-0.06742
6.77	-0.05901
6.78	-0.05381
6.79	-0.05127
6.8	-0.04977
6.81	-0.04688
6.82	-0.04123
6.83	-0.03319
6.84	-0.02514
6.85	-0.01959
6.86	-0.01718
6.87	-0.01722
6.88	-0.01789
6.89	-0.0172
6.9	-0.01411
6.91	-0.00931
6.92	-0.00408
6.93	0.00127
6.94	0.00583
6.95	0.00927
6.96	0.01135
6.97	0.01011
6.98	0.00385
6.99	-0.00698
7	-0.02003
7.01	-0.03285
7.02	-0.04414
7.03	-0.0546
7.04	-0.06448
7.05	-0.07193
7.06	-0.07488
7.07	-0.07303
7.08	-0.06874
7.09	-0.06557
7.1	-0.06608
7.11	-0.06997
7.12	-0.07502
7.13	-0.07957
7.14	-0.08345
7.15	-0.08798
7.16	-0.09445
7.17	-0.10307
7.18	-0.11254
7.19	-0.12117
7.2	-0.12788
7.21	-0.13287
7.22	-0.13724
7.23	-0.14181
7.24	-0.14684
7.25	-0.15229
7.26	-0.15728
7.27	-0.16087
7.28	-0.16263
7.29	-0.16218
7.3	-0.15874
7.31	-0.15259
7.32	-0.14541
7.33	-0.13905
7.34	-0.1348
7.35	-0.13341
7.36	-0.13505
7.37	-0.13957
7.38	-0.14728
7.39	-0.15752
7.4	-0.16815
7.41	-0.17641
7.42	-0.17984
7.43	-0.17766
7.44	-0.17114
7.45	-0.16157
7.46	-0.15003
7.47	-0.13871
7.48	-0.13049
7.49	-0.12746
7.5	-0.13019
7.51	-0.13774
7.52	-0.14844
7.53	-0.16119
7.54	-0.17581
7.55	-0.19215
7.56	-0.20915
7.57	-0.22542
7.58	-0.23977
7.59	-0.25076
7.6	-0.25589
7.61	-0.25318
7.62	-0.24243
7.63	-0.22619
7.64	-0.20881
7.65	-0.1937
7.66	-0.18256
7.67	-0.17542
7.68	-0.17179
7.69	-0.17144
7.7	-0.17403
7.71	-0.17826
7.72	-0.18259
7.73	-0.18694
7.74	-0.19266
7.75	-0.20135
7.76	-0.21252
7.77	-0.22359
7.78	-0.23265
7.79	-0.23857
7.8	-0.24093
7.81	-0.2399
7.82	-0.23609
7.83	-0.23069
7.84	-0.22658
7.85	-0.2261
7.86	-0.22963
7.87	-0.23647
7.88	-0.24519
7.89	-0.25439
7.9	-0.26273
7.91	-0.26819
7.92	-0.2679
7.93	-0.25987
7.94	-0.24628
7.95	-0.23249
7.96	-0.22265
7.97	-0.21758
7.98	-0.21435
7.99	-0.20804
8	-0.19532
8.01	-0.17711
8.02	-0.15867
8.03	-0.14664
8.04	-0.14374
8.05	-0.14737
8.06	-0.15248
8.07	-0.15574
8.08	-0.15754
8.09	-0.16045
8.1	-0.16654
8.11	-0.17544
8.12	-0.18508
8.13	-0.19366
8.14	-0.20122
8.15	-0.20735
8.16	-0.2107
8.17	-0.21101
8.18	-0.20944
8.19	-0.20826
8.2	-0.20913
8.21	-0.21142
8.22	-0.21317
8.23	-0.21349
8.24	-0.21368
8.25	-0.21676
8.26	-0.22432
8.27	-0.23378
8.28	-0.24088
8.29	-0.24255
8.3	-0.23699
8.31	-0.22477
8.32	-0.20892
8.33	-0.19362
8.34	-0.18225
8.35	-0.17618
8.36	-0.17385
8.37	-0.17207
8.38	-0.16793
8.39	-0.15905
8.4	-0.14738
8.41	-0.13948
8.42	-0.13846
8.43	-0.14465
8.44	-0.15683
8.45	-0.1723
8.46	-0.18743
8.47	-0.19864
8.48	-0.20333
8.49	-0.20187
8.5	-0.19811
8.51	-0.19437
8.52	-0.18988
8.53	-0.18234
8.54	-0.17
8.55	-0.15395
8.56	-0.13718
8.57	-0.12292
8.58	-0.1125
8.59	-0.10489
8.6	-0.09948
8.61	-0.0972
8.62	-0.09943
8.63	-0.10522
8.64	-0.11185
8.65	-0.1169
8.66	-0.11874
8.67	-0.11717
8.68	-0.11325
8.69	-0.10853
8.7	-0.10465
8.71	-0.1034
8.72	-0.10606
8.73	-0.11301
8.74	-0.12147
8.75	-0.12541
8.76	-0.11929
8.77	-0.10081
8.78	-0.07204
8.79	-0.03806
8.8	-0.00481
8.81	0.0204
8.82	0.03124
8.83	0.02564
8.84	0.00449
8.85	-0.02891
8.86	-0.06937
8.87	-0.11175
8.88	-0.15207
8.89	-0.18603
8.9	-0.20935
8.91	-0.21918
8.92	-0.21551
8.93	-0.20328
8.94	-0.1902
8.95	-0.18224
8.96	-0.18046
8.97	-0.18129
8.98	-0.17964
8.99	-0.17267
9	-0.1611
9.01	-0.14745
9.02	-0.13462
9.03	-0.12523
9.04	-0.12175
9.05	-0.12527
9.06	-0.1341
9.07	-0.14441
9.08	-0.1519
9.09	-0.15475
9.1	-0.15354
9.11	-0.15008
9.12	-0.14594
9.13	-0.14317
9.14	-0.14346
9.15	-0.14609
9.16	-0.14875
9.17	-0.14767
9.18	-0.1398
9.19	-0.12467
9.2	-0.10422
9.21	-0.08124
9.22	-0.05797
9.23	-0.0374
9.24	-0.02242
9.25	-0.01471
9.26	-0.01407
9.27	-0.01711
9.28	-0.01881
9.29	-0.01515
9.3	-0.00439
9.31	0.01266
9.32	0.0323
9.33	0.05003
9.34	0.06145
9.35	0.06266
9.36	0.05262
9.37	0.03484
9.38	0.0161
9.39	0.00217
9.4	-0.00415
9.41	-0.0027
9.42	0.00572
9.43	0.02023
9.44	0.03933
9.45	0.06058
9.46	0.08041
9.47	0.09758
9.48	0.11578
9.49	0.13906
9.5	0.16612
9.51	0.19306
9.52	0.21546
9.53	0.22858
9.54	0.22968
9.55	0.21758
9.56	0.19082
9.57	0.14953
9.58	0.09766
9.59	0.04176
9.6	-0.00922
9.61	-0.04655
9.62	-0.06571
9.63	-0.066
9.64	-0.04884
9.65	-0.01746
9.66	0.02245
9.67	0.06436
9.68	0.10342
9.69	0.13553
9.7	0.15924
9.71	0.17515
9.72	0.18415
9.73	0.18887
9.74	0.19396
9.75	0.20299
9.76	0.21359
9.77	0.22201
9.78	0.22644
9.79	0.22553
9.8	0.21844
9.81	0.20505
9.82	0.18615
9.83	0.16445
9.84	0.14587
9.85	0.13651
9.86	0.13823
9.87	0.15023
9.88	0.1711
9.89	0.19726
9.9	0.22388
9.91	0.24541
9.92	0.25678
9.93	0.25664
9.94	0.24933
9.95	0.24128
9.96	0.23619
9.97	0.23331
9.98	0.23065
9.99	0.2278
10	0.22685
10.01	0.23094
10.02	0.24063
10.03	0.25303
10.04	0.26559
10.05	0.27585
10.06	0.28144
10.07	0.2836
10.08	0.28436
10.09	0.28421
10.1	0.2843
10.11	0.28674
10.12	0.29211
10.13	0.2992
10.14	0.30647
10.15	0.3129
10.16	0.31755
10.17	0.31957
10.18	0.31916
10.19	0.31681
10.2	0.31361
10.21	0.31024
10.22	0.30598
10.23	0.3009
10.24	0.29617
10.25	0.29372
10.26	0.29491
10.27	0.29894
10.28	0.30366
10.29	0.30734
10.3	0.3092
10.31	0.30828
10.32	0.30267
10.33	0.28995
10.34	0.26975
10.35	0.24341
10.36	0.2128
10.37	0.18172
10.38	0.15546
10.39	0.13881
10.4	0.13594
10.41	0.14937
10.42	0.17715
10.43	0.21334
10.44	0.251
10.45	0.28415
10.46	0.30914
10.47	0.32448
10.48	0.33081
10.49	0.33074
10.5	0.32901
10.51	0.3309
10.52	0.33709
10.53	0.34271
10.54	0.3428
10.55	0.33527
10.56	0.32071
10.57	0.30246
10.58	0.28406
10.59	0.26804
10.6	0.25757
10.61	0.25564
10.62	0.2622
10.63	0.27421
10.64	0.28681
10.65	0.29475
10.66	0.29533
10.67	0.28865
10.68	0.27535
10.69	0.25626
10.7	0.23468
10.71	0.2159
10.72	0.20419
10.73	0.20111
10.74	0.20517
10.75	0.21348
10.76	0.22345
10.77	0.23262
10.78	0.23891
10.79	0.24149
10.8	0.24105
10.81	0.239
10.82	0.23666
10.83	0.23401
10.84	0.23059
10.85	0.22704
10.86	0.22577
10.87	0.23035
10.88	0.24066
10.89	0.25228
10.9	0.2601
10.91	0.26111
10.92	0.25834
10.93	0.2571
10.94	0.2592
10.95	0.26314
10.96	0.26669
10.97	0.26925
10.98	0.2714
10.99	0.27226
11	0.26852
11.01	0.25775
11.02	0.23928
11.03	0.21433
11.04	0.18496
11.05	0.15304
11.06	0.12272
11.07	0.09995
11.08	0.08922
11.09	0.09079
11.1	0.10015
11.11	0.11199
11.12	0.12365
11.13	0.13461
11.14	0.14363
11.15	0.1462
11.16	0.13677
11.17	0.11466
11.18	0.08673
11.19	0.06424
11.2	0.05681
11.21	0.06587
11.22	0.08673
11.23	0.11428
11.24	0.14391
11.25	0.17091
11.26	0.19002
11.27	0.19711
11.28	0.19227
11.29	0.1805
11.3	0.16914
11.31	0.16267
11.32	0.15976
11.33	0.15552
11.34	0.14531
11.35	0.12749
11.36	0.10359
11.37	0.07616
11.38	0.04675
11.39	0.01653
11.4	-0.01225
11.41	-0.03643
11.42	-0.0519
11.43	-0.057
11.44	-0.05363
11.45	-0.0438
11.46	-0.03045
11.47	-0.01734
11.48	-0.00694
11.49	0.00136
11.5	0.01126
11.51	0.02704
11.52	0.04935
11.53	0.07479
11.54	0.09923
11.55	0.1189
11.56	0.12978
11.57	0.12761
11.58	0.11016
11.59	0.08012
11.6	0.0469
11.61	0.02267
11.62	0.01296
11.63	0.01255
11.64	0.01002
11.65	-0.00257
11.66	-0.02206
11.67	-0.03728
11.68	-0.04041
11.69	-0.03384
11.7	-0.02608
11.71	-0.02356
11.72	-0.02505
11.73	-0.02513
11.74	-0.02117
11.75	-0.01504
11.76	-0.01108
11.77	-0.01209
11.78	-0.0179
11.79	-0.02787
11.8	-0.04248
11.81	-0.06139
11.82	-0.0814
11.83	-0.09662
11.84	-0.10285
11.85	-0.10076
11.86	-0.09382
11.87	-0.08637
11.88	-0.08192
11.89	-0.08158
11.9	-0.08415
11.91	-0.08694
11.92	-0.08611
11.93	-0.07935
11.94	-0.06917
11.95	-0.06098
11.96	-0.0593
11.97	-0.06424
11.98	-0.07218
11.99	-0.08056
12	-0.09044
12.01	-0.10294
12.02	-0.11536
12.03	-0.12315
12.04	-0.12453
12.05	-0.12372
12.06	-0.12785
12.07	-0.13946
12.08	-0.15321
12.09	-0.16055
12.1	-0.15798
12.11	-0.14928
12.12	-0.14067
12.13	-0.13477
12.14	-0.13067
12.15	-0.12862
12.16	-0.13079
12.17	-0.13889
12.18	-0.15196
12.19	-0.16602
12.2	-0.17616
12.21	-0.1783
12.22	-0.16865
12.23	-0.14408
12.24	-0.10706
12.25	-0.06811
12.26	-0.0417
12.27	-0.03697
12.28	-0.04942
12.29	-0.06368
12.3	-0.06679
12.31	-0.05948
12.32	-0.05308
12.33	-0.05795
12.34	-0.07495
12.35	-0.09611
12.36	-0.1135
12.37	-0.12583
12.38	-0.13644
12.39	-0.14746
12.4	-0.15768
12.41	-0.16508
12.42	-0.16912
12.43	-0.17145
12.44	-0.1738
12.45	-0.17579
12.46	-0.17671
12.47	-0.17767
12.48	-0.18117
12.49	-0.18779
12.5	-0.19579
12.51	-0.20297
12.52	-0.20807
12.53	-0.21147
12.54	-0.21445
12.55	-0.2179
12.56	-0.22269
12.57	-0.22937
12.58	-0.23641
12.59	-0.23935
12.6	-0.23359
12.61	-0.21947
12.62	-0.20365
12.63	-0.19455
12.64	-0.19553
12.65	-0.20263
12.66	-0.20885
12.67	-0.21083
12.68	-0.2108
12.69	-0.21251
12.7	-0.2166
12.71	-0.22061
12.72	-0.22184
12.73	-0.22
12.74	-0.2174
12.75	-0.21564
12.76	-0.2146
12.77	-0.21445
12.78	-0.21585
12.79	-0.21909
12.8	-0.22328
12.81	-0.22734
12.82	-0.23116
12.83	-0.23509
12.84	-0.23839
12.85	-0.23805
12.86	-0.23101
12.87	-0.21851
12.88	-0.20723
12.89	-0.20385
12.9	-0.20937
12.91	-0.21838
12.92	-0.22267
12.93	-0.21715
12.94	-0.20214
12.95	-0.18018
12.96	-0.15329
12.97	-0.12451
12.98	-0.09855
12.99	-0.07983
13	-0.0696
13.01	-0.06462
13.02	-0.05922
13.03	-0.05018
13.04	-0.03907
13.05	-0.02938
13.06	-0.02289
13.07	-0.01874
13.08	-0.01508
13.09	-0.01161
13.1	-0.01038
13.11	-0.01404
13.12	-0.02224
13.13	-0.03187
13.14	-0.03939
13.15	-0.04149
13.16	-0.03683
13.17	-0.02717
13.18	-0.01619
13.19	-0.00727
13.2	-0.00145
13.21	0.00362
13.22	0.0114
13.23	0.02306
13.24	0.0367
13.25	0.0494
13.26	0.05997
13.27	0.06896
13.28	0.07717
13.29	0.0838
13.3	0.08683
13.31	0.08567
13.32	0.08254
13.33	0.08032
13.34	0.07885
13.35	0.07616
13.36	0.07069
13.37	0.06278
13.38	0.05429
13.39	0.04549
13.4	0.03407
13.41	0.01716
13.42	-0.0049
13.43	-0.02764
13.44	-0.04535
13.45	-0.05434
13.46	-0.05349
13.47	-0.04363
13.48	-0.02683
13.49	-0.00558
13.5	0.01602
13.51	0.03415
13.52	0.04744
13.53	0.05614
13.54	0.06152
13.55	0.06496
13.56	0.06736
13.57	0.06888
13.58	0.06955
13.59	0.06879
13.6	0.0651
13.61	0.05729
13.62	0.04589
13.63	0.0337
13.64	0.02447
13.65	0.02094
13.66	0.02386
13.67	0.03316
13.68	0.04845
13.69	0.06814
13.7	0.0894
13.71	0.10936
13.72	0.12562
13.73	0.13658
13.74	0.14237
13.75	0.14359
13.76	0.14045
13.77	0.1344
13.78	0.12861
13.79	0.12644
13.8	0.12786
13.81	0.1291
13.82	0.12595
13.83	0.1171
13.84	0.1053
13.85	0.09538
13.86	0.09075
13.87	0.09192
13.88	0.09756
13.89	0.10542
13.9	0.11372
13.91	0.1217
13.92	0.12812
13.93	0.13157
13.94	0.13201
13.95	0.13148
13.96	0.13048
13.97	0.1283
13.98	0.12546
13.99	0.12228
14	0.11964
14.01	0.11805
14.02	0.11675
14.03	0.11418
14.04	0.10996
14.05	0.10587
14.06	0.10474
14.07	0.10798
14.08	0.11269
14.09	0.1129
14.1	0.10416
14.11	0.08732
14.12	0.06825
14.13	0.05205
14.14	0.03997
14.15	0.02967
14.16	0.01798
14.17	0.00495
14.18	-0.00608
14.19	-0.0124
14.2	-0.01487
14.21	-0.01648
14.22	-0.01906
14.23	-0.0212
14.24	-0.01991
14.25	-0.01403
14.26	-0.00497
14.27	0.00519
14.28	0.01545
14.29	0.02524
14.3	0.03355
14.31	0.0388
14.32	0.04026
14.33	0.03943
14.34	0.03997
14.35	0.04303
14.36	0.04508
14.37	0.04325
14.38	0.03716
14.39	0.02904
14.4	0.02194
14.41	0.01724
14.42	0.01488
14.43	0.014
14.44	0.01314
14.45	0.01282
14.46	0.01658
14.47	0.02958
14.48	0.05414
14.49	0.08557
14.5	0.11771
14.51	0.14494
14.52	0.16217
14.53	0.16809
14.54	0.16389
14.55	0.15161
14.56	0.13593
14.57	0.12388
14.58	0.12158
14.59	0.12973
14.6	0.13971
14.61	0.13761
14.62	0.11732
14.63	0.08686
14.64	0.06278
14.65	0.05674
14.66	0.0665
14.67	0.08047
14.68	0.08786
14.69	0.08576
14.7	0.07857
14.71	0.07141
14.72	0.06521
14.73	0.05843
14.74	0.05031
14.75	0.04065
14.76	0.02793
14.77	0.01074
14.78	-0.00882
14.79	-0.02452
14.8	-0.02998
14.81	-0.02502
14.82	-0.01714
14.83	-0.01441
14.84	-0.01727
14.85	-0.01827
14.86	-0.00968
14.87	0.00929
14.88	0.03015
14.89	0.04202
14.9	0.04119
14.91	0.03131
14.92	0.01751
14.93	0.00333
14.94	-0.00894
14.95	-0.01726
14.96	-0.01962
14.97	-0.01575
14.98	-0.00901
14.99	-0.00499
15	-0.00758
15.01	-0.01667
15.02	-0.02919
15.03	-0.04
15.04	-0.04401
15.05	-0.03948
15.06	-0.02926
15.07	-0.0187
15.08	-0.0126
15.09	-0.01255
15.1	-0.01674
15.11	-0.02253
15.12	-0.02924
15.13	-0.0374
15.14	-0.04623
15.15	-0.05329
15.16	-0.0563
15.17	-0.05484
15.18	-0.05149
15.19	-0.05027
15.2	-0.05302
15.21	-0.05971
15.22	-0.07065
15.23	-0.08574
15.24	-0.10295
15.25	-0.11731
15.26	-0.1219
15.27	-0.11155
15.28	-0.0875
15.29	-0.05777
15.3	-0.03243
15.31	-0.01906
15.32	-0.01871
15.33	-0.0254
15.34	-0.02968
15.35	-0.02455
15.36	-0.01044
15.37	0.00567
15.38	0.01504
15.39	0.01301
15.4	9.5E-4
15.41	-0.01644
15.42	-0.03548
15.43	-0.05388
15.44	-0.06803
15.45	-0.0744
15.46	-0.07152
15.47	-0.06203
15.48	-0.05249
15.49	-0.04822
15.5	-0.04852
15.51	-0.0488
15.52	-0.04661
15.53	-0.04419
15.54	-0.04538
15.55	-0.0504
15.56	-0.05433
15.57	-0.05118
15.58	-0.04034
15.59	-0.02832
15.6	-0.02332
15.61	-0.03015
15.62	-0.04734
15.63	-0.06727
15.64	-0.07966
15.65	-0.07667
15.66	-0.05793
15.67	-0.03212
15.68	-0.01333
15.69	-0.01231
15.7	-0.02824
15.71	-0.04954
15.72	-0.06383
15.73	-0.06686
15.74	-0.063
15.75	-0.05914
15.76	-0.05745
15.77	-0.05545
15.78	-0.05149
15.79	-0.0473
15.8	-0.04463
15.81	-0.04257
15.82	-0.0382
15.83	-0.03004
15.84	-0.0201
15.85	-0.0115
15.86	-0.00563
15.87	-0.00131
15.88	0.00261
15.89	0.00491
15.9	0.00286
15.91	-0.00477
15.92	-0.01496
15.93	-0.02261
15.94	-0.02386
15.95	-0.01789
15.96	-0.00664
15.97	0.00667
15.98	0.01743
15.99	0.02112
16	0.01658
16.01	0.00801
16.02	0.00346
16.03	0.00871
16.04	0.02216
16.05	0.03656
16.06	0.04509
16.07	0.04625
16.08	0.04357
16.09	0.04063
16.1	0.03873
16.11	0.03739
16.12	0.03737
16.13	0.04109
16.14	0.0491
16.15	0.05881
16.16	0.06557
16.17	0.06638
16.18	0.06149
16.19	0.05319
16.2	0.04397
16.21	0.03556
16.22	0.02874
16.23	0.02288
16.24	0.01686
16.25	0.01033
16.26	0.00441
16.27	0.0012
16.28	0.00143
16.29	0.00376
16.3	0.006
16.31	0.00668
16.32	0.00662
16.33	0.0079
16.34	0.01062
16.35	0.01371
16.36	0.01723
16.37	0.02249
16.38	0.03015
16.39	0.03744
16.4	0.03868
16.41	0.02997
16.42	0.01363
16.43	-0.00219
16.44	-0.01035
16.45	-0.01092
16.46	-0.00979
16.47	-0.01205
16.48	-0.0177
16.49	-0.02288
16.5	-0.02495
16.51	-0.02494
16.52	-0.02471
16.53	-0.0244
16.54	-0.02222
16.55	-0.01635
16.56	-0.00698
16.57	0.00423
16.58	0.01619
16.59	0.02772
16.6	0.03656
16.61	0.03979
16.62	0.03632
16.63	0.02971
16.64	0.02631
16.65	0.03085
16.66	0.04317
16.67	0.05825
16.68	0.0705
16.69	0.07744
16.7	0.07909
16.71	0.07592
16.72	0.06767
16.73	0.05464
16.74	0.03898
16.75	0.02322
16.76	0.00933
16.77	-0.00136
16.78	-0.00914
16.79	-0.01345
16.8	-0.0131
16.81	-0.00919
16.82	-0.00434
16.83	-4.3E-4
16.84	0.00298
16.85	0.00801
16.86	0.01571
16.87	0.02369
16.88	0.02906
16.89	0.0307
16.9	0.0293
16.91	0.02688
16.92	0.02475
16.93	0.02373
16.94	0.02493
16.95	0.02854
16.96	0.03311
16.97	0.03612
16.98	0.03572
16.99	0.03283
17	0.03057
17.01	0.03101
17.02	0.0332
17.03	0.03382
17.04	0.03059
17.05	0.02486
17.06	0.02034
17.07	0.01931
17.08	0.0208
17.09	0.02263
17.1	0.0238
17.11	0.02448
17.12	0.02486
17.13	0.02432
17.14	0.0225
17.15	0.01989
17.16	0.0178
17.17	0.01689
17.18	0.01657
17.19	0.01609
17.2	0.01515
17.21	0.01483
17.22	0.0158
17.23	0.01791
17.24	0.02153
17.25	0.02765
17.26	0.03564
17.27	0.04255
17.28	0.0444
17.29	0.0394
17.3	0.03022
17.31	0.02194
17.32	0.01837
17.33	0.01916
17.34	0.02115
17.35	0.02208
17.36	0.02133
17.37	0.01891
17.38	0.01468
17.39	0.00966
17.4	0.00618
17.41	0.00622
17.42	0.01193
17.43	0.02242
17.44	0.03302
17.45	0.03931
17.46	0.04045
17.47	0.03895
17.48	0.03765
17.49	0.03712
17.5	0.03537
17.51	0.03107
17.52	0.02501
17.53	0.01896
17.54	0.0149
17.55	0.01402
17.56	0.01559
17.57	0.01656
17.58	0.01407
17.59	0.00772
17.6	1.3E-4
17.61	-0.0046
17.62	-0.00393
17.63	0.0011
17.64	0.00677
17.65	0.01
17.66	0.00959
17.67	0.00587
17.68	-5.1E-4
17.69	-0.00948
17.7	-0.02081
17.71	-0.03324
17.72	-0.04442
17.73	-0.05273
17.74	-0.05845
17.75	-0.06231
17.76	-0.06429
17.77	-0.06405
17.78	-0.06158
17.79	-0.05743
17.8	-0.05353
17.81	-0.05152
17.82	-0.05087
17.83	-0.05037
17.84	-0.04953
17.85	-0.0491
17.86	-0.05
17.87	-0.05263
17.88	-0.05671
17.89	-0.06163
17.9	-0.06663
17.91	-0.07057
17.92	-0.07216
17.93	-0.0709
17.94	-0.0676
17.95	-0.06347
17.96	-0.0595
17.97	-0.0565
17.98	-0.05487
17.99	-0.05501
18	-0.05752
18.01	-0.06205
18.02	-0.06666
18.03	-0.06929
18.04	-0.06979
18.05	-0.06956
18.06	-0.07004
18.07	-0.07197
18.08	-0.07459
18.09	-0.07588
18.1	-0.07441
18.11	-0.0699
18.12	-0.06283
18.13	-0.05473
18.14	-0.04756
18.15	-0.04314
18.16	-0.04282
18.17	-0.04651
18.18	-0.05238
18.19	-0.05798
18.2	-0.06208
18.21	-0.0645
18.22	-0.0647
18.23	-0.06155
18.24	-0.05456
18.25	-0.04536
18.26	-0.03685
18.27	-0.03213
18.28	-0.032
18.29	-0.03433
18.3	-0.0362
18.31	-0.03534
18.32	-0.03255
18.33	-0.03146
18.34	-0.03511
18.35	-0.04321
18.36	-0.05218
18.37	-0.05801
18.38	-0.05908
18.39	-0.05663
18.4	-0.05313
18.41	-0.05045
18.42	-0.04902
18.43	-0.04868
18.44	-0.04942
18.45	-0.05161
18.46	-0.05541
18.47	-0.05985
18.48	-0.0632
18.49	-0.06381
18.5	-0.06198
18.51	-0.05932
18.52	-0.05676
18.53	-0.05579
18.54	-0.05865
18.55	-0.06611
18.56	-0.07717
18.57	-0.08909
18.58	-0.0983
18.59	-0.10241
18.6	-0.10155
18.61	-0.09778
18.62	-0.09392
18.63	-0.0917
18.64	-0.08976
18.65	-0.08532
18.66	-0.07736
18.67	-0.06782
18.68	-0.05865
18.69	-0.05044
18.7	-0.04279
18.71	-0.03503
18.72	-0.02771
18.73	-0.02301
18.74	-0.02312
18.75	-0.02831
18.76	-0.03673
18.77	-0.04502
18.78	-0.05015
18.79	-0.05072
18.8	-0.04683
18.81	-0.03992
18.82	-0.03231
18.83	-0.02675
18.84	-0.02455
18.85	-0.0244
18.86	-0.0242
18.87	-0.02287
18.88	-0.02105
18.89	-0.01988
18.9	-0.01942
18.91	-0.01846
18.92	-0.01604
18.93	-0.01299
18.94	-0.0108
18.95	-0.00949
18.96	-0.00688
18.97	-8.5E-4
18.98	0.00787
18.99	0.01553
19	0.01823
19.01	0.01619
19.02	0.01356
19.03	0.01416
19.04	0.01886
19.05	0.02566
19.06	0.03124
19.07	0.03321
19.08	0.03116
19.09	0.02542
19.1	0.01673
19.11	0.00667
19.12	-0.00231
19.13	-0.00831
19.14	-0.01022
19.15	-0.00701
19.16	7.5E-4
19.17	0.01029
19.18	0.01743
19.19	0.01853
19.2	0.01364
19.21	0.00754
19.22	0.00623
19.23	0.01151
19.24	0.01974
19.25	0.02509
19.26	0.02495
19.27	0.02265
19.28	0.02303
19.29	0.02659
19.3	0.02928
19.31	0.02735
19.32	0.02083
19.33	0.01313
19.34	0.00738
19.35	0.00371
19.36	4.7E-4
19.37	-0.00296
19.38	-0.00531
19.39	-0.00543
19.4	-0.00425
19.41	-0.00396
19.42	-0.00568
19.43	-0.00822
19.44	-0.00944
19.45	-0.00822
19.46	-0.00527
19.47	-0.00184
19.48	0.00115
19.49	0.00324
19.5	0.00462
19.51	0.0058
19.52	0.00825
19.53	0.01291
19.54	0.01891
19.55	0.02456
19.56	0.02908
19.57	0.03364
19.58	0.03989
19.59	0.04744
19.6	0.05313
19.61	0.0538
19.62	0.04955
19.63	0.04408
19.64	0.0413
19.65	0.04164
19.66	0.04221
19.67	0.04017
19.68	0.03565
19.69	0.03125
19.7	0.02915
19.71	0.02966
19.72	0.03182
19.73	0.03547
19.74	0.04084
19.75	0.04656
19.76	0.04969
19.77	0.04872
19.78	0.04576
19.79	0.04486
19.8	0.04873
19.81	0.05596
19.82	0.06257
19.83	0.06561
19.84	0.0646
19.85	0.0613
19.86	0.05817
19.87	0.05681
19.88	0.05772
19.89	0.06089
19.9	0.06515
19.91	0.06813
19.92	0.06782
19.93	0.06415
19.94	0.05915
19.95	0.05494
19.96	0.052
19.97	0.04926
19.98	0.04573
19.99	0.04209
20	0.03992
20.01	0.03951
20.02	0.03835
20.03	0.03347
20.04	0.0242
20.05	0.01182
20.06	-0.00129
20.07	-0.01258
20.08	-0.01975
20.09	-0.02107
20.1	-0.01615
20.11	-0.0068
20.12	0.00254
20.13	0.00848
20.14	0.01152
20.15	0.01407
20.16	0.01762
20.17	0.02102
20.18	0.02223
20.19	0.02099
20.2	0.01958
20.21	0.02024
20.22	0.02267
20.23	0.02446
20.24	0.02376
20.25	0.02132
20.26	0.01964
20.27	0.02029
20.28	0.02172
20.29	0.02051
20.3	0.01504
20.31	0.00643
20.32	-0.00292
20.33	-0.01095
20.34	-0.01652
20.35	-0.01934
20.36	-0.01883
20.37	-0.01474
20.38	-0.00859
20.39	-0.00304
20.4	-1E-5
20.41	8.1E-4
20.42	0.0018
20.43	0.00574
20.44	0.01376
20.45	0.02423
20.46	0.03373
20.47	0.03879
20.48	0.03858
20.49	0.03483
20.5	0.03047
20.51	0.02847
20.52	0.02932
20.53	0.03115
20.54	0.03201
20.55	0.03174
20.56	0.03112
20.57	0.03086
20.58	0.03062
20.59	0.02928
20.6	0.02663
20.61	0.02353
20.62	0.02071
20.63	0.01839
20.64	0.01641
20.65	0.0145
20.66	0.01252
20.67	0.01061
20.68	0.0084
20.69	0.00541
20.7	0.00217
20.71	-1.2E-4
20.72	-2.9E-4
20.73	0.00238
20.74	0.00742
20.75	0.0133
20.76	0.01859
20.77	0.02254
20.78	0.02486
20.79	0.02545
20.8	0.02446
20.81	0.0226
20.82	0.02028
20.83	0.01731
20.84	0.01377
20.85	0.01036
20.86	0.00829
20.87	0.00845
20.88	0.01027
20.89	0.01219
20.9	0.013
20.91	0.01224
20.92	0.01064
20.93	0.00949
20.94	0.00914
20.95	0.00893
20.96	0.00839
20.97	0.00764
20.98	0.00734
20.99	0.00797
21	0.00901
21.01	0.00891
21.02	0.00628
21.03	0.00109
21.04	-0.00488
21.05	-0.00849
21.06	-0.00748
21.07	-0.00262
21.08	0.00225
21.09	0.00241
21.1	-0.00442
21.11	-0.01574
21.12	-0.02532
21.13	-0.02725
21.14	-0.02012
21.15	-0.00782
21.16	0.00264
21.17	0.00591
21.18	0.00199
21.19	-0.00473
21.2	-0.00873
21.21	-0.00767
21.22	-0.00353
21.23	2.4E-4
21.24	0.00148
21.25	5E-4
21.26	-9.8E-4
21.27	-0.00194
21.28	-0.00213
21.29	-7.7E-4
21.3	0.00332
21.31	0.01028
21.32	0.0176
21.33	0.02082
21.34	0.0167
21.35	0.00612
21.36	-0.00596
21.37	-0.01477
21.38	-0.01908
21.39	-0.02042
21.4	-0.02039
21.41	-0.01935
21.42	-0.01717
21.43	-0.01462
21.44	-0.01313
21.45	-0.01249
21.46	-0.01056
21.47	-0.00522
21.48	0.0027
21.49	0.00901
21.5	0.00899
21.51	0.00157
21.52	-0.00911
21.53	-0.01752
21.54	-0.02117
21.55	-0.02124
21.56	-0.02005
21.57	-0.01882
21.58	-0.01768
21.59	-0.0165
21.6	-0.01563
21.61	-0.01505
21.62	-0.01372
21.63	-0.01023
21.64	-0.00394
21.65	0.00394
21.66	0.01071
21.67	0.01375
21.68	0.01268
21.69	0.00889
21.7	0.00412
21.71	-5.3E-4
21.72	-0.00461
21.73	-0.00774
21.74	-0.00947
21.75	-0.00957
21.76	-0.00821
21.77	-0.00626
21.78	-0.0057
21.79	-0.00814
21.8	-0.01307
21.81	-0.01811
21.82	-0.02061
21.83	-0.02014
21.84	-0.01795
21.85	-0.01659
21.86	-0.01783
21.87	-0.02117
21.88	-0.02563
21.89	-0.03063
21.9	-0.03592
21.91	-0.0407
21.92	-0.04288
21.93	-0.0396
21.94	-0.03026
21.95	-0.01795
21.96	-0.00645
21.97	0.00151
21.98	0.00473
21.99	0.00376
22	9E-5
22.01	-0.00449
22.02	-0.00814
22.03	-0.00972
22.04	-0.01007
22.05	-0.01098
22.06	-0.01375
22.07	-0.01772
22.08	-0.0203
22.09	-0.01957
22.1	-0.01588
22.11	-0.01097
22.12	-0.00658
22.13	-0.00423
22.14	-0.00447
22.15	-0.00662
22.16	-0.00975
22.17	-0.01218
22.18	-0.01247
22.19	-0.0102
22.2	-0.00627
22.21	-0.00263
22.22	-3.8E-4
22.23	8.6E-4
22.24	0.0022
22.25	0.00394
22.26	0.00541
22.27	0.00596
22.28	0.00552
22.29	0.00422
22.3	0.00197
22.31	-0.00102
22.32	-0.00341
22.33	-0.0035
22.34	-0.00141
22.35	9.4E-4
22.36	0.00144
22.37	-3.5E-4
22.38	-0.0028
22.39	-0.00459
22.4	-0.00664
22.41	-0.01116
22.42	-0.01919
22.43	-0.02863
22.44	-0.03534
22.45	-0.03662
22.46	-0.03394
22.47	-0.03172
22.48	-0.03308
22.49	-0.03741
22.5	-0.04175
22.51	-0.04354
22.52	-0.04188
22.53	-0.03794
22.54	-0.03414
22.55	-0.03184
22.56	-0.03076
22.57	-0.03001
22.58	-0.02831
22.59	-0.02455
22.6	-0.01923
22.61	-0.01479
22.62	-0.01381
22.63	-0.01725
22.64	-0.02387
22.65	-0.03034
22.66	-0.0344
22.67	-0.03635
22.68	-0.03769
22.69	-0.03983
22.7	-0.04287
22.71	-0.04566
22.72	-0.04771
22.73	-0.04917
22.74	-0.0493
22.75	-0.04729
22.76	-0.04306
22.77	-0.03749
22.78	-0.03231
22.79	-0.02875
22.8	-0.02667
22.81	-0.02516
22.82	-0.02324
22.83	-0.02041
22.84	-0.01711
22.85	-0.01418
22.86	-0.01221
22.87	-0.01148
22.88	-0.01196
22.89	-0.0135
22.9	-0.01531
22.91	-0.01662
22.92	-0.01742
22.93	-0.01789
22.94	-0.01799
22.95	-0.01686
22.96	-0.01381
22.97	-0.01017
22.98	-0.00867
22.99	-0.01094
23	-0.01633
23.01	-0.02249
23.02	-0.02687
23.03	-0.02815
23.04	-0.02643
23.05	-0.02261
23.06	-0.0172
23.07	-0.01042
23.08	-0.00301
23.09	0.00338
23.1	0.00695
23.11	0.00745
23.12	0.00623
23.13	0.00485
23.14	0.00393
23.15	0.00341
23.16	0.00288
23.17	0.00197
23.18	6.8E-4
23.19	-9.7E-4
23.2	-0.00292
23.21	-0.00472
23.22	-0.00622
23.23	-0.00758
23.24	-0.00809
23.25	-0.00744
23.26	-0.00592
23.27	-0.00372
23.28	-0.00216
23.29	-0.00315
23.3	-0.00731
23.31	-0.0134
23.32	-0.0185
23.33	-0.02006
23.34	-0.0175
23.35	-0.01149
23.36	-0.00326
23.37	0.00568
23.38	0.01356
23.39	0.01847
23.4	0.0194
23.41	0.01736
23.42	0.01503
23.43	0.01558
23.44	0.02064
23.45	0.02842
23.46	0.03494
23.47	0.03655
23.48	0.03191
23.49	0.02257
23.5	0.01165
23.51	0.00189
23.52	-0.00507
23.53	-0.00897
23.54	-0.01023
23.55	-0.00924
23.56	-0.00677
23.57	-0.00392
23.58	-0.00196
23.59	-0.00181
23.6	-0.00323
23.61	-0.00492
23.62	-0.00503
23.63	-0.00239
23.64	0.00277
23.65	0.00943
23.66	0.01602
23.67	0.02049
23.68	0.02104
23.69	0.01708
23.7	0.0098
23.71	0.00244
23.72	-0.00156
23.73	-0.00183
23.74	-6.9E-4
23.75	-9.3E-4
23.76	-0.00361
23.77	-0.0069
23.78	-0.00819
23.79	-0.00668
23.8	-0.00351
23.81	-3.4E-4
23.82	0.00221
23.83	0.00555
23.84	0.01076
23.85	0.01564
23.86	0.01666
23.87	0.01246
23.88	0.00471
23.89	-0.00304
23.9	-0.00804
23.91	-0.01004
23.92	-0.01023
23.93	-0.00923
23.94	-0.00614
23.95	-3.7E-4
23.96	0.00602
23.97	0.01057
23.98	0.01223
23.99	0.01189
24	0.01123
24.01	0.01055
24.02	0.00899
24.03	0.00627
24.04	0.0037
24.05	0.00353
24.06	0.00694
24.07	0.01286
24.08	0.01909
24.09	0.02387
24.1	0.02693
24.11	0.02915
24.12	0.031
24.13	0.03288
24.14	0.03569
24.15	0.03989
24.16	0.04544
24.17	0.05146
24.18	0.05645
24.19	0.05932
24.2	0.05988
24.21	0.05832
24.22	0.05491
24.23	0.05014
24.24	0.04554
24.25	0.04315
24.26	0.04377
24.27	0.04681
24.28	0.05079
24.29	0.05328
24.3	0.05236
24.31	0.04732
24.32	0.03875
24.33	0.02917
24.34	0.02232
24.35	0.021
24.36	0.02538
24.37	0.0342
24.38	0.04553
24.39	0.05684
24.4	0.06459
24.41	0.06521
24.42	0.05748
24.43	0.04513
24.44	0.03636
24.45	0.03773
24.46	0.04783
24.47	0.05709
24.48	0.05492
24.49	0.0388
24.5	0.01656
24.51	-5.8E-4
24.52	-0.00696
24.53	-0.00468
24.54	8.2E-4
24.55	0.00645
24.56	0.01267
24.57	0.02032
24.58	0.02682
24.59	0.02819
24.6	0.0254
24.61	0.02296
24.62	0.02468
24.63	0.03045
24.64	0.03635
24.65	0.03934
24.66	0.04007
24.67	0.04139
24.68	0.04455
24.69	0.04797
24.7	0.04873
24.71	0.04561
24.72	0.04091
24.73	0.03818
24.74	0.0392
24.75	0.04285
24.76	0.04643
24.77	0.04728
24.78	0.04383
24.79	0.03677
24.8	0.02874
24.81	0.02384
24.82	0.0246
24.83	0.03036
24.84	0.03869
24.85	0.04701
24.86	0.05374
24.87	0.05774
24.88	0.05741
24.89	0.05199
24.9	0.04324
24.91	0.03479
24.92	0.03091
24.93	0.03364
24.94	0.04116
24.95	0.04915
24.96	0.05336
24.97	0.05138
24.98	0.04313
24.99	0.03029
25	0.01642
25.01	0.00613
25.02	0.00249
25.03	0.00529
25.04	0.01163
25.05	0.01802
25.06	0.02181
25.07	0.02193
25.08	0.01842
25.09	0.01198
25.1	0.00429
25.11	-0.00209
25.12	-0.00504
25.13	-0.0039
25.14	4.7E-4
25.15	0.00637
25.16	0.01225
25.17	0.01635
25.18	0.016
25.19	0.00945
25.2	-0.00183
25.21	-0.01293
25.22	-0.01801
25.23	-0.01435
25.24	-0.00403
25.25	0.00761
25.26	0.01501
25.27	0.0151
25.28	0.00783
25.29	-0.00406
25.3	-0.01535
25.31	-0.02025
25.32	-0.01568
25.33	-0.00415
25.34	0.0071
25.35	0.01105
25.36	0.00614
25.37	-0.00297
25.38	-0.00982
25.39	-0.01151
25.4	-0.00981
25.41	-0.00778
25.42	-0.00619
25.43	-0.00342
25.44	0.00219
25.45	0.00887
25.46	0.01315
25.47	0.01341
25.48	0.0102
25.49	0.00567
25.5	0.00144
25.51	-0.00208
25.52	-0.0051
25.53	-0.00808
25.54	-0.01178
25.55	-0.01673
25.56	-0.02303
25.57	-0.03005
25.58	-0.03635
25.59	-0.04032
25.6	-0.04091
25.61	-0.0383
25.62	-0.03374
25.63	-0.02859
25.64	-0.02398
25.65	-0.02024
25.66	-0.0167
25.67	-0.01226
25.68	-0.00669
25.69	-5.3E-4
25.7	0.00512
25.71	0.00925
25.72	0.01207
25.73	0.01435
25.74	0.01616
25.75	0.01628
25.76	0.01348
25.77	0.00828
25.78	0.00295
25.79	1E-5
25.8	5.1E-4
25.81	0.00337
25.82	0.0063
25.83	0.00772
25.84	0.00732
25.85	0.00553
25.86	0.00343
25.87	0.0023
25.88	0.00309
25.89	0.00575
25.9	0.00927
25.91	0.01236
25.92	0.01428
25.93	0.01526
25.94	0.01585
25.95	0.01608
25.96	0.01546
25.97	0.01369
25.98	0.01104
25.99	0.00849
26	0.00702
26.01	0.00656
26.02	0.00612
26.03	0.00478
26.04	0.00245
26.05	-3.8E-4
26.06	-0.00292
26.07	-0.00435
26.08	-0.00436
26.09	-0.00331
26.1	-0.00177
26.11	-6E-5
26.12	0.00162
26.13	0.00352
26.14	0.00618
26.15	0.00943
26.16	0.01202
26.17	0.01215
26.18	0.00852
26.19	0.0017
26.2	-0.0057
26.21	-0.01057
26.22	-0.01138
26.23	-0.00893
26.24	-0.00578
26.25	-0.0047
26.26	-0.00742
26.27	-0.01417
26.28	-0.02414
26.29	-0.03579
26.3	-0.04708
26.31	-0.05619
26.32	-0.06257
26.33	-0.06696
26.34	-0.07025
26.35	-0.07306
26.36	-0.07526
26.37	-0.07607
26.38	-0.07508
26.39	-0.0721
26.4	-0.06657
26.41	-0.0581
26.42	-0.04715
26.43	-0.03495
26.44	-0.02406
26.45	-0.01708
26.46	-0.0147
26.47	-0.01591
26.48	-0.01864
26.49	-0.02055
26.5	-0.02018
26.51	-0.01747
26.52	-0.01401
26.53	-0.01228
26.54	-0.01389
26.55	-0.01819
26.56	-0.02224
26.57	-0.02351
26.58	-0.02209
26.59	-0.02038
26.6	-0.02108
26.61	-0.02526
26.62	-0.03151
26.63	-0.03741
26.64	-0.04126
26.65	-0.04267
26.66	-0.04207
26.67	-0.03994
26.68	-0.0366
26.69	-0.03232
26.7	-0.02749
26.71	-0.02278
26.72	-0.01909
26.73	-0.0173
26.74	-0.01731
26.75	-0.01765
26.76	-0.01612
26.77	-0.01176
26.78	-0.00641
26.79	-0.00401
26.8	-0.0073
26.81	-0.01519
26.82	-0.02371
26.83	-0.02919
26.84	-0.03074
26.85	-0.03011
26.86	-0.02934
26.87	-0.02918
26.88	-0.02954
26.89	-0.03034
26.9	-0.0317
26.91	-0.03337
26.92	-0.03431
26.93	-0.03343
26.94	-0.03124
26.95	-0.02974
26.96	-0.03053
26.97	-0.03296
26.98	-0.035
26.99	-0.03513
27	-0.03347
27.01	-0.03138
27.02	-0.02963
27.03	-0.02773
27.04	-0.0248
27.05	-0.02063
27.06	-0.01553
27.07	-0.01019
27.08	-0.00564
27.09	-0.00275
27.1	-0.00196
27.11	-0.00293
27.12	-0.00425
27.13	-0.00428
27.14	-0.00271
27.15	-8.5E-4
27.16	-4.3E-4
27.17	-0.00206
27.18	-0.00509
27.19	-0.00869
27.2	-0.01219
27.21	-0.01533
27.22	-0.01807
27.23	-0.01991
27.24	-0.02027
27.25	-0.01926
27.26	-0.01756
27.27	-0.01602
27.28	-0.01565
27.29	-0.01701
27.3	-0.02024
27.31	-0.02479
27.32	-0.02865
27.33	-0.02958
27.34	-0.02663
27.35	-0.02097
27.36	-0.0149
27.37	-0.01052
27.38	-0.00936
27.39	-0.01188
27.4	-0.01708
27.41	-0.02263
27.42	-0.02553
27.43	-0.02335
27.44	-0.01644
27.45	-0.00831
27.46	-0.00311
27.47	-0.00285
27.48	-0.00612
27.49	-0.00973
27.5	-0.01107
27.51	-0.00983
27.52	-0.00755
27.53	-0.0055
27.54	-0.00393
27.55	-0.00258
27.56	-0.00157
27.57	-0.00175
27.58	-0.00387
27.59	-0.00757
27.6	-0.0114
27.61	-0.01389
27.62	-0.01466
27.63	-0.01391
27.64	-0.01184
27.65	-0.00856
27.66	-0.0045
27.67	-0.00105
27.68	5.9E-4
27.69	6E-5
27.7	-0.00214
27.71	-0.00486
27.72	-0.00705
27.73	-0.0083
27.74	-0.00874
27.75	-0.00888
27.76	-0.00959
27.77	-0.01145
27.78	-0.01457
27.79	-0.01846
27.8	-0.02215
27.81	-0.02471
27.82	-0.02588
27.83	-0.02577
27.84	-0.02453
27.85	-0.02251
27.86	-0.02029
27.87	-0.01853
27.88	-0.01795
27.89	-0.01868
27.9	-0.01973
27.91	-0.01931
27.92	-0.01636
27.93	-0.0114
27.94	-0.00633
27.95	-0.00341
27.96	-0.00373
27.97	-0.00644
27.98	-0.0097
27.99	-0.0122
28	-0.01383
28.01	-0.01542
28.02	-0.01758
28.03	-0.02025
28.04	-0.02311
28.05	-0.02516
28.06	-0.02556
28.07	-0.02464
28.08	-0.02332
28.09	-0.0224
28.1	-0.02206
28.11	-0.0216
28.12	-0.02002
28.13	-0.01679
28.14	-0.01212
28.15	-0.007
28.16	-0.00253
28.17	3.7E-4
28.18	0.00144
28.19	0.00107
28.2	5E-5
28.21	-4.6E-4
28.22	4E-4
28.23	0.0025
28.24	0.00514
28.25	0.00762
28.26	0.00953
28.27	0.01096
28.28	0.01204
28.29	0.01233
28.3	0.01116
28.31	0.0086
28.32	0.00579
28.33	0.00433
28.34	0.00544
28.35	0.00907
28.36	0.01365
28.37	0.01677
28.38	0.01667
28.39	0.01339
28.4	0.00825
28.41	0.00312
28.42	-7.8E-4
28.43	-0.00319
28.44	-0.00463
28.45	-0.00598
28.46	-0.00768
28.47	-0.00981
28.48	-0.01266
28.49	-0.01637
28.5	-0.02035
28.51	-0.02349
28.52	-0.02419
28.53	-0.02132
28.54	-0.01565
28.55	-0.00914
28.56	-0.00399
28.57	-0.00143
28.58	-0.00103
28.59	-1E-3
28.6	5.4E-4
28.61	0.00417
28.62	0.00888
28.63	0.01258
28.64	0.01387
28.65	0.01315
28.66	0.012
28.67	0.01155
28.68	0.01137
28.69	0.01022
28.7	0.00759
28.71	0.00424
28.72	0.00138
28.73	-4.1E-4
28.74	-0.00168
28.75	-0.00296
28.76	-0.00396
28.77	-0.00425
28.78	-0.00382
28.79	-0.00327
28.8	-0.00311
28.81	-0.00311
28.82	-0.00229
28.83	3.3E-4
28.84	0.00454
28.85	0.00931
28.86	0.01391
28.87	0.01779
28.88	0.02023
28.89	0.02013
28.9	0.01715
28.91	0.01246
28.92	0.00825
28.93	0.00606
28.94	0.00566
28.95	0.00517