8862404.239	2926532.021	4403.985
8862430.906	2926532.021	4415.624
8862457.572	2926532.021	4428.324
8862484.238	2926532.021	4438.346
8862510.905	2926532.021	4444.398
8862537.571	2926532.021	4447.389
8862564.238	2926532.021	4450.803
8862590.904	2926532.021	4456.226
8862617.57	2926532.021	4464.566
8862644.237	2926532.021	4475.194
8862670.903	2926532.021	4486.599
8862697.57	2926532.021	4500.19
8862724.236	2926532.021	4512.259
8862750.902	2926532.021	4522.275
8862777.569	2926532.021	4530.118
8862804.235	2926532.021	4534.899
8862830.901	2926532.021	4537.988
8862857.568	2926532.021	4537.223
8862884.234	2926532.021	4535.158
8862910.901	2926532.021	4534
8862937.567	2926532.021	4536.028
8862964.233	2926532.021	4542.281
8862990.9	2926532.021	4551.875
8863017.566	2926532.021	4562.687
8863044.233	2926532.021	4571.526
8863070.899	2926532.021	4575.962
8863097.565	2926532.021	4575.1
8863124.232	2926532.021	4573.898
8863150.898	2926532.021	4573.65
8863177.564	2926532.021	4574.714
8863204.231	2926532.021	4579.263
8863230.897	2926532.021	4583.1
8863257.564	2926532.021	4587.521
8863284.23	2926532.021	4596.6
8863310.896	2926532.021	4607.677
8863337.563	2926532.021	4620.342
8863364.229	2926532.021	4632.178
8863390.895	2926532.021	4640.103
8863417.562	2926532.021	4641.547
8863444.228	2926532.021	4642.592
8862404.239	2926562.585	4394.744
8862430.906	2926562.585	4406.685
8862457.572	2926562.585	4418.428
8862484.238	2926562.585	4426.976
8862510.905	2926562.585	4432.873
8862537.571	2926562.585	4436.191
8862564.238	2926562.585	4441.453
8862590.904	2926562.585	4447.844
8862617.57	2926562.585	4456.935
8862644.237	2926562.585	4467.945
8862670.903	2926562.585	4479.254
8862697.57	2926562.585	4491.36
8862724.236	2926562.585	4502.339
8862750.902	2926562.585	4511.389
8862777.569	2926562.585	4518.25
8862804.235	2926562.585	4521.422
8862830.901	2926562.585	4523.865
8862857.568	2926562.585	4523.599
8862884.234	2926562.585	4522.218
8862910.901	2926562.585	4521.828
8862937.567	2926562.585	4524.917
8862964.233	2926562.585	4533.938
8862990.9	2926562.585	4543.646
8863017.566	2926562.585	4551.765
8863044.233	2926562.585	4558.385
8863070.899	2926562.585	4562.694
8863097.565	2926562.585	4563.616
8863124.232	2926562.585	4563.426
8863150.898	2926562.585	4562.959
8863177.564	2926562.585	4564.156
8863204.231	2926562.585	4569.176
8863230.897	2926562.585	4575.429
8863257.564	2926562.585	4585.274
8863284.23	2926562.585	4598.571
8863310.896	2926562.585	4612.261
8863337.563	2926562.585	4626.264
8863364.229	2926562.585	4637.952
8863390.895	2926562.585	4644.958
8863417.562	2926562.585	4645.115
8863444.228	2926562.585	4644.469
8862404.239	2926593.148	4390.827
8862430.906	2926593.148	4401.431
8862457.572	2926593.148	4410.641
8862484.238	2926593.148	4416.869
8862510.905	2926593.148	4421.898
8862537.571	2926593.148	4426.678
8862564.238	2926593.148	4433.771
8862590.904	2926593.148	4441.236
8862617.57	2926593.148	4450.507
8862644.237	2926593.148	4461.694
8862670.903	2926593.148	4472.517
8862697.57	2926593.148	4482.627
8862724.236	2926593.148	4492.286
8862750.902	2926593.148	4500.467
8862777.569	2926593.148	4506.71
8862804.235	2926593.148	4510.304
8862830.901	2926593.148	4511.784
8862857.568	2926593.148	4511.997
8862884.234	2926593.148	4511.361
8862910.901	2926593.148	4511.529
8862937.567	2926593.148	4515.151
8862964.233	2926593.148	4524.916
8862990.9	2926593.148	4533.909
8863017.566	2926593.148	4540.661
8863044.233	2926593.148	4545.896
8863070.899	2926593.148	4550.097
8863097.565	2926593.148	4551.854
8863124.232	2926593.148	4552.141
8863150.898	2926593.148	4552.203
8863177.564	2926593.148	4555.587
8863204.231	2926593.148	4564.322
8863230.897	2926593.148	4576.043
8863257.564	2926593.148	4590.26
8863284.23	2926593.148	4604.646
8863310.896	2926593.148	4618.6
8863337.563	2926593.148	4632.089
8863364.229	2926593.148	4643.403
8863390.895	2926593.148	4650.231
8863417.562	2926593.148	4649.896
8863444.228	2926593.148	4647.209
8862404.239	2926623.711	4390.758
8862430.906	2926623.711	4397.467
8862457.572	2926623.711	4404.509
8862484.238	2926623.711	4409.794
8862510.905	2926623.711	4414.203
8862537.571	2926623.711	4419.418
8862564.238	2926623.711	4427.317
8862590.904	2926623.711	4436.361
8862617.57	2926623.711	4446.17
8862644.237	2926623.711	4457.17
8862670.903	2926623.711	4467.08
8862697.57	2926623.711	4475.575
8862724.236	2926623.711	4483.221
8862750.902	2926623.711	4490.064
8862777.569	2926623.711	4495.617
8862804.235	2926623.711	4499.867
8862830.901	2926623.711	4501.606
8862857.568	2926623.711	4502.201
8862884.234	2926623.711	4502.919
8862910.901	2926623.711	4504.819
8862937.567	2926623.711	4509.533
8862964.233	2926623.711	4516.935
8862990.9	2926623.711	4524.126
8863017.566	2926623.711	4530.079
8863044.233	2926623.711	4535.063
8863070.899	2926623.711	4539.046
8863097.565	2926623.711	4539.094
8863124.232	2926623.711	4540.976
8863150.898	2926623.711	4544.838
8863177.564	2926623.711	4551.824
8863204.231	2926623.711	4564.345
8863230.897	2926623.711	4579.565
8863257.564	2926623.711	4595.407
8863284.23	2926623.711	4609.373
8863310.896	2926623.711	4621.758
8863337.563	2926623.711	4633.918
8863364.229	2926623.711	4644.566
8863390.895	2926623.711	4651.426
8863417.562	2926623.711	4651.825
8863444.228	2926623.711	4648.656
8862404.239	2926654.274	4388.207
8862430.906	2926654.274	4393.225
8862457.572	2926654.274	4399.58
8862484.238	2926654.274	4404.774
8862510.905	2926654.274	4409.165
8862537.571	2926654.274	4414.91
8862564.238	2926654.274	4424.311
8862590.904	2926654.274	4434.823
8862617.57	2926654.274	4444.781
8862644.237	2926654.274	4454.558
8862670.903	2926654.274	4463.253
8862697.57	2926654.274	4470.117
8862724.236	2926654.274	4475.547
8862750.902	2926654.274	4480.437
8862777.569	2926654.274	4485.378
8862804.235	2926654.274	4489.81
8862830.901	2926654.274	4492.884
8862857.568	2926654.274	4495.007
8862884.234	2926654.274	4497.695
8862910.901	2926654.274	4500.829
8862937.567	2926654.274	4505.86
8862964.233	2926654.274	4511.172
8862990.9	2926654.274	4516.744
8863017.566	2926654.274	4521.924
8863044.233	2926654.274	4524.174
8863070.899	2926654.274	4526.679
8863097.565	2926654.274	4529.466
8863124.232	2926654.274	4535.605
8863150.898	2926654.274	4544.699
8863177.564	2926654.274	4555.345
8863204.231	2926654.274	4568.079
8863230.897	2926654.274	4583.686
8863257.564	2926654.274	4599.414
8863284.23	2926654.274	4612.567
8863310.896	2926654.274	4623.379
8863337.563	2926654.274	4633.948
8863364.229	2926654.274	4643.563
8863390.895	2926654.274	4649.164
8863417.562	2926654.274	4649.642
8863444.228	2926654.274	4647.469
8862404.239	2926684.837	4383.666
8862430.906	2926684.837	4389.138
8862457.572	2926684.837	4394.849
8862484.238	2926684.837	4399.449
8862510.905	2926684.837	4405.279
8862537.571	2926684.837	4413.828
8862564.238	2926684.837	4425.193
8862590.904	2926684.837	4435.767
8862617.57	2926684.837	4443.245
8862644.237	2926684.837	4450.75
8862670.903	2926684.837	4458.102
8862697.57	2926684.837	4464.166
8862724.236	2926684.837	4468.181
8862750.902	2926684.837	4472.487
8862777.569	2926684.837	4477.012
8862804.235	2926684.837	4481.748
8862830.901	2926684.837	4485.497
8862857.568	2926684.837	4489.294
8862884.234	2926684.837	4492.826
8862910.901	2926684.837	4496.196
8862937.567	2926684.837	4501.762
8862964.233	2926684.837	4507.063
8862990.9	2926684.837	4511.111
8863017.566	2926684.837	4512.719
8863044.233	2926684.837	4513.226
8863070.899	2926684.837	4518.399
8863097.565	2926684.837	4527.353
8863124.232	2926684.837	4537.367
8863150.898	2926684.837	4549.835
8863177.564	2926684.837	4563.188
8863204.231	2926684.837	4575.434
8863230.897	2926684.837	4588.745
8863257.564	2926684.837	4603.656
8863284.23	2926684.837	4615.711
8863310.896	2926684.837	4624.744
8863337.563	2926684.837	4633.375
8863364.229	2926684.837	4641.365
8863390.895	2926684.837	4645.405
8863417.562	2926684.837	4646.002
8863444.228	2926684.837	4644.792
8862404.239	2926715.401	4379.311
8862430.906	2926715.401	4383.806
8862457.572	2926715.401	4388.755
8862484.238	2926715.401	4395.023
8862510.905	2926715.401	4403.2
8862537.571	2926715.401	4413.489
8862564.238	2926715.401	4424.318
8862590.904	2926715.401	4432.996
8862617.57	2926715.401	4438.246
8862644.237	2926715.401	4444.194
8862670.903	2926715.401	4450.653
8862697.57	2926715.401	4456.518
8862724.236	2926715.401	4460.705
8862750.902	2926715.401	4465.495
8862777.569	2926715.401	4469.021
8862804.235	2926715.401	4472.026
8862830.901	2926715.401	4474.853
8862857.568	2926715.401	4479.8
8862884.234	2926715.401	4485.37
8862910.901	2926715.401	4491.066
8862937.567	2926715.401	4495.821
8862964.233	2926715.401	4500.683
8862990.9	2926715.401	4503.178
8863017.566	2926715.401	4504.173
8863044.233	2926715.401	4510.878
8863070.899	2926715.401	4521.973
8863097.565	2926715.401	4533.896
8863124.232	2926715.401	4546.147
8863150.898	2926715.401	4559.924
8863177.564	2926715.401	4573.459
8863204.231	2926715.401	4585.01
8863230.897	2926715.401	4594.947
8863257.564	2926715.401	4607.646
8863284.23	2926715.401	4618.454
8863310.896	2926715.401	4625.071
8863337.563	2926715.401	4630.464
8863364.229	2926715.401	4636.091
8863390.895	2926715.401	4639.977
8863417.562	2926715.401	4642.574
8863444.228	2926715.401	4642.076
8862404.239	2926745.964	4369.909
8862430.906	2926745.964	4376.152
8862457.572	2926745.964	4383.757
8862484.238	2926745.964	4393.233
8862510.905	2926745.964	4401.639
8862537.571	2926745.964	4410.568
8862564.238	2926745.964	4419.229
8862590.904	2926745.964	4426.206
8862617.57	2926745.964	4431.817
8862644.237	2926745.964	4438.13
8862670.903	2926745.964	4444.383
8862697.57	2926745.964	4449.347
8862724.236	2926745.964	4451.691
8862750.902	2926745.964	4454.607
8862777.569	2926745.964	4455.743
8862804.235	2926745.964	4458.163
8862830.901	2926745.964	4462.742
8862857.568	2926745.964	4470.08
8862884.234	2926745.964	4477.89
8862910.901	2926745.964	4484.81
8862937.567	2926745.964	4490.475
8862964.233	2926745.964	4497.373
8862990.9	2926745.964	4503.32
8863017.566	2926745.964	4509.602
8863044.233	2926745.964	4520.47
8863070.899	2926745.964	4533.015
8863097.565	2926745.964	4545.89
8863124.232	2926745.964	4558.66
8863150.898	2926745.964	4571.513
8863177.564	2926745.964	4584.176
8863204.231	2926745.964	4594.908
8863230.897	2926745.964	4603.257
8863257.564	2926745.964	4612.067
8863284.23	2926745.964	4620.083
8863310.896	2926745.964	4624.725
8863337.563	2926745.964	4627.513
8863364.229	2926745.964	4631.088
8863390.895	2926745.964	4635.438
8863417.562	2926745.964	4638.784
8863444.228	2926745.964	4639.638
8862404.239	2926776.527	4359.772
8862430.906	2926776.527	4368.345
8862457.572	2926776.527	4377.357
8862484.238	2926776.527	4387.527
8862510.905	2926776.527	4396.094
8862537.571	2926776.527	4404.386
8862564.238	2926776.527	4411.738
8862590.904	2926776.527	4419.356
8862617.57	2926776.527	4426.805
8862644.237	2926776.527	4433.597
8862670.903	2926776.527	4437.482
8862697.57	2926776.527	4438.278
8862724.236	2926776.527	4439.391
8862750.902	2926776.527	4443.223
8862777.569	2926776.527	4446.062
8862804.235	2926776.527	4454.382
8862830.901	2926776.527	4464.578
8862857.568	2926776.527	4474.353
8862884.234	2926776.527	4481.051
8862910.901	2926776.527	4486.764
8862937.567	2926776.527	4495.335
8862964.233	2926776.527	4505.378
8862990.9	2926776.527	4514.61
8863017.566	2926776.527	4523.013
8863044.233	2926776.527	4532.698
8863070.899	2926776.527	4543.804
8863097.565	2926776.527	4556.265
8863124.232	2926776.527	4569.199
8863150.898	2926776.527	4581.991
8863177.564	2926776.527	4593.914
8863204.231	2926776.527	4603.645
8863230.897	2926776.527	4610.712
8863257.564	2926776.527	4616.909
8863284.23	2926776.527	4622.001
8863310.896	2926776.527	4624.481
8863337.563	2926776.527	4625.999
8863364.229	2926776.527	4627.743
8863390.895	2926776.527	4630.35
8863417.562	2926776.527	4633.367
8863444.228	2926776.527	4635.345
8862404.239	2926807.09	4365.12
8862430.906	2926807.09	4371.752
8862457.572	2926807.09	4376.851
8862484.238	2926807.09	4382.974
8862510.905	2926807.09	4388.53
8862537.571	2926807.09	4394.761
8862564.238	2926807.09	4401.498
8862590.904	2926807.09	4409.487
8862617.57	2926807.09	4418.222
8862644.237	2926807.09	4424.594
8862670.903	2926807.09	4426.259
8862697.57	2926807.09	4428.656
8862724.236	2926807.09	4434.27
8862750.902	2926807.09	4443.419
8862777.569	2926807.09	4452.111
8862804.235	2926807.09	4464.582
8862830.901	2926807.09	4476.986
8862857.568	2926807.09	4487.409
8862884.234	2926807.09	4494.746
8862910.901	2926807.09	4500.801
8862937.567	2926807.09	4508.772
8862964.233	2926807.09	4518.193
8862990.9	2926807.09	4525.815
8863017.566	2926807.09	4533.186
8863044.233	2926807.09	4542.094
8863070.899	2926807.09	4552.315
8863097.565	2926807.09	4564.025
8863124.232	2926807.09	4576.395
8863150.898	2926807.09	4588.174
8863177.564	2926807.09	4598.721
8863204.231	2926807.09	4606.725
8863230.897	2926807.09	4611.911
8863257.564	2926807.09	4616.963
8863284.23	2926807.09	4620.505
8863310.896	2926807.09	4620.438
8863337.563	2926807.09	4620.89
8863364.229	2926807.09	4621.857
8863390.895	2926807.09	4623.815
8863417.562	2926807.09	4627.965
8863444.228	2926807.09	4631.687
8862404.239	2926837.653	4380.61
8862430.906	2926837.653	4386.148
8862457.572	2926837.653	4389.991
8862484.238	2926837.653	4393.049
8862510.905	2926837.653	4394.337
8862537.571	2926837.653	4395.691
8862564.238	2926837.653	4401.408
8862590.904	2926837.653	4407.892
8862617.57	2926837.653	4414.572
8862644.237	2926837.653	4420.338
8862670.903	2926837.653	4424.902
8862697.57	2926837.653	4431.271
8862724.236	2926837.653	4438.311
8862750.902	2926837.653	4448.89
8862777.569	2926837.653	4461.25
8862804.235	2926837.653	4474.145
8862830.901	2926837.653	4486.426
8862857.568	2926837.653	4497.16
8862884.234	2926837.653	4506.413
8862910.901	2926837.653	4513.972
8862937.567	2926837.653	4522.15
8862964.233	2926837.653	4530.615
8862990.9	2926837.653	4535.751
8863017.566	2926837.653	4540.521
8863044.233	2926837.653	4547.527
8863070.899	2926837.653	4556.606
8863097.565	2926837.653	4566.651
8863124.232	2926837.653	4577.068
8863150.898	2926837.653	4586.365
8863177.564	2926837.653	4594.575
8863204.231	2926837.653	4600.897
8863230.897	2926837.653	4605.76
8863257.564	2926837.653	4609.517
8863284.23	2926837.653	4611.626
8863310.896	2926837.653	4611.081
8863337.563	2926837.653	4611.085
8863364.229	2926837.653	4612.961
8863390.895	2926837.653	4618.392
8863417.562	2926837.653	4625.856
8863444.228	2926837.653	4632.499
8862404.239	2926868.216	4393.38
8862430.906	2926868.216	4399.138
8862457.572	2926868.216	4404.251
8862484.238	2926868.216	4408.527
8862510.905	2926868.216	4410.11
8862537.571	2926868.216	4409.145
8862564.238	2926868.216	4412.916
8862590.904	2926868.216	4419.08
8862617.57	2926868.216	4424.353
8862644.237	2926868.216	4429.138
8862670.903	2926868.216	4435.402
8862697.57	2926868.216	4441.202
8862724.236	2926868.216	4447.202
8862750.902	2926868.216	4455.987
8862777.569	2926868.216	4467.458
8862804.235	2926868.216	4479.619
8862830.901	2926868.216	4491.85
8862857.568	2926868.216	4502.57
8862884.234	2926868.216	4512.333
8862910.901	2926868.216	4520.561
8862937.567	2926868.216	4529.334
8862964.233	2926868.216	4537.043
8862990.9	2926868.216	4541.35
8863017.566	2926868.216	4543.717
8863044.233	2926868.216	4547.959
8863070.899	2926868.216	4555.331
8863097.565	2926868.216	4563.361
8863124.232	2926868.216	4571.442
8863150.898	2926868.216	4578.498
8863177.564	2926868.216	4584.838
8863204.231	2926868.216	4589.995
8863230.897	2926868.216	4594.837
8863257.564	2926868.216	4598.371
8863284.23	2926868.216	4600.02
8863310.896	2926868.216	4599.411
8863337.563	2926868.216	4600.234
8863364.229	2926868.216	4605.674
8863390.895	2926868.216	4615.331
8863417.562	2926868.216	4625.922
8863444.228	2926868.216	4635.573
8862404.239	2926898.78	4403.419
8862430.906	2926898.78	4408.735
8862457.572	2926898.78	4414.474
8862484.238	2926898.78	4419.739
8862510.905	2926898.78	4421.664
8862537.571	2926898.78	4420.044
8862564.238	2926898.78	4422.514
8862590.904	2926898.78	4429.715
8862617.57	2926898.78	4435.887
8862644.237	2926898.78	4439.246
8862670.903	2926898.78	4443.786
8862697.57	2926898.78	4449.205
8862724.236	2926898.78	4456
8862750.902	2926898.78	4464.183
8862777.569	2926898.78	4473.325
8862804.235	2926898.78	4483.58
8862830.901	2926898.78	4494.35
8862857.568	2926898.78	4503.682
8862884.234	2926898.78	4512.174
8862910.901	2926898.78	4519.693
8862937.567	2926898.78	4527.667
8862964.233	2926898.78	4533.979
8862990.9	2926898.78	4539.214
8863017.566	2926898.78	4542.029
8863044.233	2926898.78	4544.631
8863070.899	2926898.78	4550.293
8863097.565	2926898.78	4556.663
8863124.232	2926898.78	4563.221
8863150.898	2926898.78	4568.831
8863177.564	2926898.78	4573.927
8863204.231	2926898.78	4578.155
8863230.897	2926898.78	4582.152
8863257.564	2926898.78	4585.723
8863284.23	2926898.78	4587.887
8863310.896	2926898.78	4587.803
8863337.563	2926898.78	4592.418
8863364.229	2926898.78	4602.441
8863390.895	2926898.78	4614.108
8863417.562	2926898.78	4625.799
8863444.228	2926898.78	4637.103
8862404.239	2926929.343	4409.515
8862430.906	2926929.343	4414.999
8862457.572	2926929.343	4421.137
8862484.238	2926929.343	4426.375
8862510.905	2926929.343	4427.685
8862537.571	2926929.343	4425.469
8862564.238	2926929.343	4428.493
8862590.904	2926929.343	4435.253
8862617.57	2926929.343	4441.421
8862644.237	2926929.343	4444.084
8862670.903	2926929.343	4447.789
8862697.57	2926929.343	4452.555
8862724.236	2926929.343	4459.033
8862750.902	2926929.343	4466.41
8862777.569	2926929.343	4474.747
8862804.235	2926929.343	4484.256
8862830.901	2926929.343	4492.874
8862857.568	2926929.343	4500.481
8862884.234	2926929.343	4507.839
8862910.901	2926929.343	4514.675
8862937.567	2926929.343	4521.271
8862964.233	2926929.343	4527.006
8862990.9	2926929.343	4532.114
8863017.566	2926929.343	4536.114
8863044.233	2926929.343	4539.132
8863070.899	2926929.343	4543.711
8863097.565	2926929.343	4548.284
8863124.232	2926929.343	4553.794
8863150.898	2926929.343	4557.764
8863177.564	2926929.343	4561.957
8863204.231	2926929.343	4566.142
8863230.897	2926929.343	4569.206
8863257.564	2926929.343	4572.932
8863284.23	2926929.343	4575.747
8863310.896	2926929.343	4578.489
8863337.563	2926929.343	4587.384
8863364.229	2926929.343	4600.219
8863390.895	2926929.343	4612.753
8863417.562	2926929.343	4624.672
8863444.228	2926929.343	4636.261
8862404.239	2926959.906	4410.338
8862430.906	2926959.906	4416.291
8862457.572	2926959.906	4422.864
8862484.238	2926959.906	4428.212
8862510.905	2926959.906	4430.012
8862537.571	2926959.906	4428.089
8862564.238	2926959.906	4431.17
8862590.904	2926959.906	4436.635
8862617.57	2926959.906	4440.728
8862644.237	2926959.906	4443.403
8862670.903	2926959.906	4448.427
8862697.57	2926959.906	4453.902
8862724.236	2926959.906	4459.343
8862750.902	2926959.906	4465.108
8862777.569	2926959.906	4472.07
8862804.235	2926959.906	4480.304
8862830.901	2926959.906	4487.754
8862857.568	2926959.906	4494.749
8862884.234	2926959.906	4501.656
8862910.901	2926959.906	4508.339
8862937.567	2926959.906	4513.697
8862964.233	2926959.906	4518.603
8862990.9	2926959.906	4523.383
8863017.566	2926959.906	4527.38
8863044.233	2926959.906	4531.024
8863070.899	2926959.906	4534.905
8863097.565	2926959.906	4538.04
8863124.232	2926959.906	4541.302
8863150.898	2926959.906	4544.288
8863177.564	2926959.906	4547.829
8863204.231	2926959.906	4551.704
8863230.897	2926959.906	4555.603
8863257.564	2926959.906	4560.888
8863284.23	2926959.906	4566.688
8863310.896	2926959.906	4573.368
8863337.563	2926959.906	4584.991
8863364.229	2926959.906	4599.079
8863390.895	2926959.906	4612.243
8863417.562	2926959.906	4624.355
8863444.228	2926959.906	4634.916
8862404.239	2926990.469	4406.777
8862430.906	2926990.469	4414.048
8862457.572	2926990.469	4422.164
8862484.238	2926990.469	4428.399
8862510.905	2926990.469	4431.171
8862537.571	2926990.469	4429.689
8862564.238	2926990.469	4430.706
8862590.904	2926990.469	4434.251
8862617.57	2926990.469	4436.369
8862644.237	2926990.469	4439.372
8862670.903	2926990.469	4445.772
8862697.57	2926990.469	4452.351
8862724.236	2926990.469	4457.588
8862750.902	2926990.469	4462.557
8862777.569	2926990.469	4468.287
8862804.235	2926990.469	4474.859
8862830.901	2926990.469	4481.319
8862857.568	2926990.469	4488.091
8862884.234	2926990.469	4494.305
8862910.901	2926990.469	4500.429
8862937.567	2926990.469	4504.93
8862964.233	2926990.469	4509.139
8862990.9	2926990.469	4513.776
8863017.566	2926990.469	4516.681
8863044.233	2926990.469	4519.552
8863070.899	2926990.469	4522.395
8863097.565	2926990.469	4525.002
8863124.232	2926990.469	4528.119
8863150.898	2926990.469	4532.741
8863177.564	2926990.469	4538.333
8863204.231	2926990.469	4544.651
8863230.897	2926990.469	4551.585
8863257.564	2926990.469	4558.299
8863284.23	2926990.469	4566.411
8863310.896	2926990.469	4576.156
8863337.563	2926990.469	4588.328
8863364.229	2926990.469	4601.542
8863390.895	2926990.469	4614.788
8863417.562	2926990.469	4626.942
8863444.228	2926990.469	4636.663
8862404.239	2927021.032	4400.847
8862430.906	2927021.032	4408.854
8862457.572	2927021.032	4417.942
8862484.238	2927021.032	4425.998
8862510.905	2927021.032	4431.4
8862537.571	2927021.032	4430.541
8862564.238	2927021.032	4429.173
8862590.904	2927021.032	4429.68
8862617.57	2927021.032	4430.965
8862644.237	2927021.032	4434.707
8862670.903	2927021.032	4441.091
8862697.57	2927021.032	4448.012
8862724.236	2927021.032	4453.967
8862750.902	2927021.032	4458.802
8862777.569	2927021.032	4463.987
8862804.235	2927021.032	4469.173
8862830.901	2927021.032	4474.849
8862857.568	2927021.032	4480.661
8862884.234	2927021.032	4486.324
8862910.901	2927021.032	4491.627
8862937.567	2927021.032	4495.87
8862964.233	2927021.032	4499.223
8862990.9	2927021.032	4501.429
8863017.566	2927021.032	4502.856
8863044.233	2927021.032	4506.64
8863070.899	2927021.032	4512.181
8863097.565	2927021.032	4518.283
8863124.232	2927021.032	4524.905
8863150.898	2927021.032	4532.114
8863177.564	2927021.032	4539.811
8863204.231	2927021.032	4548.381
8863230.897	2927021.032	4556.897
8863257.564	2927021.032	4564.454
8863284.23	2927021.032	4572.786
8863310.896	2927021.032	4582.238
8863337.563	2927021.032	4592.891
8863364.229	2927021.032	4604.409
8863390.895	2927021.032	4617.011
8863417.562	2927021.032	4628.752
8863444.228	2927021.032	4638.726
8862404.239	2927051.596	4394.542
8862430.906	2927051.596	4401.616
8862457.572	2927051.596	4409.645
8862484.238	2927051.596	4418.081
8862510.905	2927051.596	4425.909
8862537.571	2927051.596	4428.393
8862564.238	2927051.596	4426.441
8862590.904	2927051.596	4424.604
8862617.57	2927051.596	4425.696
8862644.237	2927051.596	4429.992
8862670.903	2927051.596	4435.923
8862697.57	2927051.596	4442.863
8862724.236	2927051.596	4448.815
8862750.902	2927051.596	4453.591
8862777.569	2927051.596	4458.31
8862804.235	2927051.596	4463.093
8862830.901	2927051.596	4468.18
8862857.568	2927051.596	4473.507
8862884.234	2927051.596	4478.735
8862910.901	2927051.596	4482.854
8862937.567	2927051.596	4484.572
8862964.233	2927051.596	4486.116
8862990.9	2927051.596	4489.879
8863017.566	2927051.596	4496.285
8863044.233	2927051.596	4503.9
8863070.899	2927051.596	4512.069
8863097.565	2927051.596	4520.625
8863124.232	2927051.596	4529.197
8863150.898	2927051.596	4537.553
8863177.564	2927051.596	4545.727
8863204.231	2927051.596	4554.293
8863230.897	2927051.596	4562.852
8863257.564	2927051.596	4570.871
8863284.23	2927051.596	4579.027
8863310.896	2927051.596	4587.628
8863337.563	2927051.596	4596.004
8863364.229	2927051.596	4606.373
8863390.895	2927051.596	4618.291
8863417.562	2927051.596	4629.368
8863444.228	2927051.596	4639.046
8862404.239	2927082.159	4387.22
8862430.906	2927082.159	4393.547
8862457.572	2927082.159	4400.976
8862484.238	2927082.159	4407.848
8862510.905	2927082.159	4415
8862537.571	2927082.159	4420.534
8862564.238	2927082.159	4420.284
8862590.904	2927082.159	4418.752
8862617.57	2927082.159	4419.91
8862644.237	2927082.159	4424.53
8862670.903	2927082.159	4430.613
8862697.57	2927082.159	4436.933
8862724.236	2927082.159	4442.42
8862750.902	2927082.159	4447.362
8862777.569	2927082.159	4451.78
8862804.235	2927082.159	4456.866
8862830.901	2927082.159	4462.155
8862857.568	2927082.159	4466.749
8862884.234	2927082.159	4468.814
8862910.901	2927082.159	4470.738
8862937.567	2927082.159	4473.024
8862964.233	2927082.159	4479.331
8862990.9	2927082.159	4488.61
8863017.566	2927082.159	4498.872
8863044.233	2927082.159	4507.879
8863070.899	2927082.159	4516.225
8863097.565	2927082.159	4524.662
8863124.232	2927082.159	4533.615
8863150.898	2927082.159	4542.512
8863177.564	2927082.159	4551.527
8863204.231	2927082.159	4560.604
8863230.897	2927082.159	4569.41
8863257.564	2927082.159	4577.494
8863284.23	2927082.159	4585.402
8863310.896	2927082.159	4594.202
8863337.563	2927082.159	4601.716
8863364.229	2927082.159	4610.391
8863390.895	2927082.159	4620.943
8863417.562	2927082.159	4631.915
8863444.228	2927082.159	4641.013
8862404.239	2927112.722	4378.631
8862430.906	2927112.722	4385.129
8862457.572	2927112.722	4392.262
8862484.238	2927112.722	4398.395
8862510.905	2927112.722	4403.836
8862537.571	2927112.722	4408.717
8862564.238	2927112.722	4410.718
8862590.904	2927112.722	4411.385
8862617.57	2927112.722	4414.179
8862644.237	2927112.722	4418.845
8862670.903	2927112.722	4424.963
8862697.57	2927112.722	4430.538
8862724.236	2927112.722	4435.635
8862750.902	2927112.722	4441.224
8862777.569	2927112.722	4445.82
8862804.235	2927112.722	4450.553
8862830.901	2927112.722	4454.67
8862857.568	2927112.722	4455.66
8862884.234	2927112.722	4457.356
8862910.901	2927112.722	4463.511
8862937.567	2927112.722	4471.618
8862964.233	2927112.722	4482.02
8862990.9	2927112.722	4492.653
8863017.566	2927112.722	4502.065
8863044.233	2927112.722	4510.899
8863070.899	2927112.722	4520.026
8863097.565	2927112.722	4529.085
8863124.232	2927112.722	4538.434
8863150.898	2927112.722	4547.779
8863177.564	2927112.722	4557.726
8863204.231	2927112.722	4566.944
8863230.897	2927112.722	4576.056
8863257.564	2927112.722	4584.729
8863284.23	2927112.722	4593.019
8863310.896	2927112.722	4601.61
8863337.563	2927112.722	4609.445
8863364.229	2927112.722	4617.035
8863390.895	2927112.722	4625.741
8863417.562	2927112.722	4635.717
8863444.228	2927112.722	4643.481
8862404.239	2927143.285	4370.365
8862430.906	2927143.285	4376.966
8862457.572	2927143.285	4383.365
8862484.238	2927143.285	4389.702
8862510.905	2927143.285	4394.325
8862537.571	2927143.285	4397.313
8862564.238	2927143.285	4399.596
8862590.904	2927143.285	4403.214
8862617.57	2927143.285	4408.382
8862644.237	2927143.285	4413.655
8862670.903	2927143.285	4419.428
8862697.57	2927143.285	4424.938
8862724.236	2927143.285	4430.295
8862750.902	2927143.285	4435.11
8862777.569	2927143.285	4434.896
8862804.235	2927143.285	4438.248
8862830.901	2927143.285	4440.942
8862857.568	2927143.285	4443.36
8862884.234	2927143.285	4450.392
8862910.901	2927143.285	4460.991
8862937.567	2927143.285	4472.948
8862964.233	2927143.285	4484.625
8862990.9	2927143.285	4495.631
8863017.566	2927143.285	4505.981
8863044.233	2927143.285	4515.674
8863070.899	2927143.285	4525.191
8863097.565	2927143.285	4534.272
8863124.232	2927143.285	4543.545
8863150.898	2927143.285	4553.185
8863177.564	2927143.285	4563.6
8863204.231	2927143.285	4573.24
8863230.897	2927143.285	4582.539
8863257.564	2927143.285	4591.742
8863284.23	2927143.285	4600.817
8863310.896	2927143.285	4609.466
8863337.563	2927143.285	4616.907
8863364.229	2927143.285	4623.111
8863390.895	2927143.285	4630.285
8863417.562	2927143.285	4637.414
8863444.228	2927143.285	4641.477
8862404.239	2927173.848	4362.208
8862430.906	2927173.848	4369.676
8862457.572	2927173.848	4375.926
8862484.238	2927173.848	4381.665
8862510.905	2927173.848	4385.443
8862537.571	2927173.848	4386.593
8862564.238	2927173.848	4388.463
8862590.904	2927173.848	4394.159
8862617.57	2927173.848	4401.399
8862644.237	2927173.848	4409.088
8862670.903	2927173.848	4415.126
8862697.57	2927173.848	4420.203
8862724.236	2927173.848	4423.527
8862750.902	2927173.848	4424.245
8862777.569	2927173.848	4421.533
8862804.235	2927173.848	4427.481
8862830.901	2927173.848	4435.452
8862857.568	2927173.848	4444.693
8862884.234	2927173.848	4455.367
8862910.901	2927173.848	4465.649
8862937.567	2927173.848	4477.274
8862964.233	2927173.848	4489.576
8862990.9	2927173.848	4500.653
8863017.566	2927173.848	4510.861
8863044.233	2927173.848	4520.741
8863070.899	2927173.848	4530.279
8863097.565	2927173.848	4539.418
8863124.232	2927173.848	4548.862
8863150.898	2927173.848	4558.951
8863177.564	2927173.848	4569.521
8863204.231	2927173.848	4579.856
8863230.897	2927173.848	4589.404
8863257.564	2927173.848	4598.326
8863284.23	2927173.848	4607.532
8863310.896	2927173.848	4616.278
8863337.563	2927173.848	4622.023
8863364.229	2927173.848	4625.41
8863390.895	2927173.848	4628.946
8863417.562	2927173.848	4632.314
8863444.228	2927173.848	4632.226
8862404.239	2927204.412	4351.819
8862430.906	2927204.412	4359.862
8862457.572	2927204.412	4366.135
8862484.238	2927204.412	4371.807
8862510.905	2927204.412	4376.151
8862537.571	2927204.412	4379.688
8862564.238	2927204.412	4385.114
8862590.904	2927204.412	4392.108
8862617.57	2927204.412	4397.804
8862644.237	2927204.412	4402.325
8862670.903	2927204.412	4405.063
8862697.57	2927204.412	4409.17
8862724.236	2927204.412	4412.884
8862750.902	2927204.412	4417.794
8862777.569	2927204.412	4423.382
8862804.235	2927204.412	4433.378
8862830.901	2927204.412	4444.93
8862857.568	2927204.412	4456.488
8862884.234	2927204.412	4467.68
8862910.901	2927204.412	4477.6
8862937.567	2927204.412	4487.074
8862964.233	2927204.412	4497.223
8862990.9	2927204.412	4507.013
8863017.566	2927204.412	4515.925
8863044.233	2927204.412	4525.314
8863070.899	2927204.412	4534.509
8863097.565	2927204.412	4543.988
8863124.232	2927204.412	4553.646
8863150.898	2927204.412	4563.631
8863177.564	2927204.412	4573.732
8863204.231	2927204.412	4584.229
8863230.897	2927204.412	4594.198
8863257.564	2927204.412	4602.979
8863284.23	2927204.412	4611.045
8863310.896	2927204.412	4617.512
8863337.563	2927204.412	4619.741
8863364.229	2927204.412	4621.588
8863390.895	2927204.412	4620.915
8863417.562	2927204.412	4621.205
8863444.228	2927204.412	4618.903
8862404.239	2927234.975	4340.857
8862430.906	2927234.975	4347.391
8862457.572	2927234.975	4356.447
8862484.238	2927234.975	4364.068
8862510.905	2927234.975	4369.851
8862537.571	2927234.975	4376.739
8862564.238	2927234.975	4383.082
8862590.904	2927234.975	4386.448
8862617.57	2927234.975	4388.367
8862644.237	2927234.975	4390.738
8862670.903	2927234.975	4397.884
8862697.57	2927234.975	4406.524
8862724.236	2927234.975	4415.459
8862750.902	2927234.975	4425.834
8862777.569	2927234.975	4436.674
8862804.235	2927234.975	4447.25
8862830.901	2927234.975	4457.424
8862857.568	2927234.975	4467.11
8862884.234	2927234.975	4476.83
8862910.901	2927234.975	4485.734
8862937.567	2927234.975	4494.193
8862964.233	2927234.975	4503.401
8862990.9	2927234.975	4512.763
8863017.566	2927234.975	4521.256
8863044.233	2927234.975	4530.013
8863070.899	2927234.975	4538.646
8863097.565	2927234.975	4547.638
8863124.232	2927234.975	4556.939
8863150.898	2927234.975	4566.489
8863177.564	2927234.975	4575.538
8863204.231	2927234.975	4584.721
8863230.897	2927234.975	4593.817
8863257.564	2927234.975	4601.943
8863284.23	2927234.975	4608
8863310.896	2927234.975	4611.334
8863337.563	2927234.975	4611.641
8863364.229	2927234.975	4612.006
8863390.895	2927234.975	4609.978
8863417.562	2927234.975	4607.409
8863444.228	2927234.975	4604.463
8862404.239	2927265.538	4343.656
8862430.906	2927265.538	4345.014
8862457.572	2927265.538	4349.543
8862484.238	2927265.538	4354.397
8862510.905	2927265.538	4358.983
8862537.571	2927265.538	4366.084
8862564.238	2927265.538	4373.014
8862590.904	2927265.538	4378.969
8862617.57	2927265.538	4386.046
8862644.237	2927265.538	4393.136
8862670.903	2927265.538	4404.348
8862697.57	2927265.538	4416.007
8862724.236	2927265.538	4426.547
8862750.902	2927265.538	4437.019
8862777.569	2927265.538	4447.372
8862804.235	2927265.538	4457.125
8862830.901	2927265.538	4465.802
8862857.568	2927265.538	4474.038
8862884.234	2927265.538	4481.824
8862910.901	2927265.538	4489.481
8862937.567	2927265.538	4497.942
8862964.233	2927265.538	4507.15
8862990.9	2927265.538	4517.118
8863017.566	2927265.538	4526.172
8863044.233	2927265.538	4534.248
8863070.899	2927265.538	4541.681
8863097.565	2927265.538	4549.824
8863124.232	2927265.538	4558.874
8863150.898	2927265.538	4567.771
8863177.564	2927265.538	4575.942
8863204.231	2927265.538	4583.739
8863230.897	2927265.538	4591.112
8863257.564	2927265.538	4597.565
8863284.23	2927265.538	4600.984
8863310.896	2927265.538	4601.488
8863337.563	2927265.538	4600.81
8863364.229	2927265.538	4600.896
8863390.895	2927265.538	4599.663
8863417.562	2927265.538	4594.476
8863444.228	2927265.538	4589.824
8862404.239	2927296.101	4359.102
8862430.906	2927296.101	4358.7
8862457.572	2927296.101	4357.87
8862484.238	2927296.101	4355.874
8862510.905	2927296.101	4355.411
8862537.571	2927296.101	4360.862
8862564.238	2927296.101	4370.048
8862590.904	2927296.101	4381.824
8862617.57	2927296.101	4393.544
8862644.237	2927296.101	4403.251
8862670.903	2927296.101	4413.233
8862697.57	2927296.101	4423.861
8862724.236	2927296.101	4433.822
8862750.902	2927296.101	4443.852
8862777.569	2927296.101	4453.433
8862804.235	2927296.101	4462.046
8862830.901	2927296.101	4469.489
8862857.568	2927296.101	4477.254
8862884.234	2927296.101	4484.972
8862910.901	2927296.101	4492.3
8862937.567	2927296.101	4500.171
8862964.233	2927296.101	4508.856
8862990.9	2927296.101	4518.636
8863017.566	2927296.101	4527.902
8863044.233	2927296.101	4536.042
8863070.899	2927296.101	4542.764
8863097.565	2927296.101	4550.618
8863124.232	2927296.101	4559.066
8863150.898	2927296.101	4566.844
8863177.564	2927296.101	4574.244
8863204.231	2927296.101	4581.607
8863230.897	2927296.101	4588.803
8863257.564	2927296.101	4594.89
8863284.23	2927296.101	4595.943
8863310.896	2927296.101	4592.729
8863337.563	2927296.101	4589.597
8863364.229	2927296.101	4588.944
8863390.895	2927296.101	4588.093
8863417.562	2927296.101	4582.232
8863444.228	2927296.101	4576.07
8862404.239	2927326.664	4375.502
8862430.906	2927326.664	4375.903
8862457.572	2927326.664	4375.45
8862484.238	2927326.664	4370.794
8862510.905	2927326.664	4368.309
8862537.571	2927326.664	4370.901
8862564.238	2927326.664	4376.154
8862590.904	2927326.664	4382.214
8862617.57	2927326.664	4395.757
8862644.237	2927326.664	4407.467
8862670.903	2927326.664	4417.593
8862697.57	2927326.664	4428.897
8862724.236	2927326.664	4439.129
8862750.902	2927326.664	4447.419
8862777.569	2927326.664	4455.125
8862804.235	2927326.664	4462.711
8862830.901	2927326.664	4470.145
8862857.568	2927326.664	4477.925
8862884.234	2927326.664	4485.83
8862910.901	2927326.664	4493.486
8862937.567	2927326.664	4501.196
8862964.233	2927326.664	4509.02
8862990.9	2927326.664	4517.629
8863017.566	2927326.664	4526.672
8863044.233	2927326.664	4534.827
8863070.899	2927326.664	4542.313
8863097.565	2927326.664	4550.042
8863124.232	2927326.664	4558.128
8863150.898	2927326.664	4565.509
8863177.564	2927326.664	4571.932
8863204.231	2927326.664	4577.862
8863230.897	2927326.664	4584.965
8863257.564	2927326.664	4590.869
8863284.23	2927326.664	4590.344
8863310.896	2927326.664	4585.333
8863337.563	2927326.664	4580.114
8863364.229	2927326.664	4576.822
8863390.895	2927326.664	4574.589
8863417.562	2927326.664	4569.48
8863444.228	2927326.664	4563.623
8862404.239	2927357.228	4390.235
8862430.906	2927357.228	4390.405
8862457.572	2927357.228	4389.932
8862484.238	2927357.228	4386.277
8862510.905	2927357.228	4386.044
8862537.571	2927357.228	4387.742
8862564.238	2927357.228	4388.307
8862590.904	2927357.228	4389.001
8862617.57	2927357.228	4396.012
8862644.237	2927357.228	4405.699
8862670.903	2927357.228	4418.903
8862697.57	2927357.228	4431.142
8862724.236	2927357.228	4440.141
8862750.902	2927357.228	4447.081
8862777.569	2927357.228	4454.488
8862804.235	2927357.228	4462.078
8862830.901	2927357.228	4469.869
8862857.568	2927357.228	4477.695
8862884.234	2927357.228	4485.51
8862910.901	2927357.228	4493.421
8862937.567	2927357.228	4501.3
8862964.233	2927357.228	4508.681
8862990.9	2927357.228	4516.372
8863017.566	2927357.228	4524.713
8863044.233	2927357.228	4532.423
8863070.899	2927357.228	4539.979
8863097.565	2927357.228	4547.627
8863124.232	2927357.228	4555.514
8863150.898	2927357.228	4563.721
8863177.564	2927357.228	4570.534
8863204.231	2927357.228	4574.027
8863230.897	2927357.228	4578.937
8863257.564	2927357.228	4582.006
8863284.23	2927357.228	4578.963
8863310.896	2927357.228	4574.439
8863337.563	2927357.228	4570.203
8863364.229	2927357.228	4565.35
8863390.895	2927357.228	4561.774
8863417.562	2927357.228	4557.303
8863444.228	2927357.228	4551.642
8862404.239	2927387.791	4403.875
8862430.906	2927387.791	4404.136
8862457.572	2927387.791	4405.093
8862484.238	2927387.791	4403.721
8862510.905	2927387.791	4404.518
8862537.571	2927387.791	4405.802
8862564.238	2927387.791	4404.408
8862590.904	2927387.791	4404.172
8862617.57	2927387.791	4405.492
8862644.237	2927387.791	4406.521
8862670.903	2927387.791	4415.386
8862697.57	2927387.791	4427.455
8862724.236	2927387.791	4436.537
8862750.902	2927387.791	4444.562
8862777.569	2927387.791	4453.271
8862804.235	2927387.791	4461.962
8862830.901	2927387.791	4470.103
8862857.568	2927387.791	4478.249
8862884.234	2927387.791	4486.228
8862910.901	2927387.791	4493.796
8862937.567	2927387.791	4501.279
8862964.233	2927387.791	4508.615
8862990.9	2927387.791	4516.005
8863017.566	2927387.791	4523.735
8863044.233	2927387.791	4531.023
8863070.899	2927387.791	4537.927
8863097.565	2927387.791	4545.218
8863124.232	2927387.791	4552.807
8863150.898	2927387.791	4560.778
8863177.564	2927387.791	4567.587
8863204.231	2927387.791	4570.461
8863230.897	2927387.791	4570.431
8863257.564	2927387.791	4568.891
8863284.23	2927387.791	4564.943
8863310.896	2927387.791	4560.865
8863337.563	2927387.791	4557.757
8863364.229	2927387.791	4553.265
8863390.895	2927387.791	4548.728
8863417.562	2927387.791	4543.249
8863444.228	2927387.791	4537.447
8862404.239	2927418.354	4417.596
8862430.906	2927418.354	4418.706
8862457.572	2927418.354	4420.876
8862484.238	2927418.354	4421.043
8862510.905	2927418.354	4421.627
8862537.571	2927418.354	4422.278
8862564.238	2927418.354	4420.347
8862590.904	2927418.354	4419.264
8862617.57	2927418.354	4419.814
8862644.237	2927418.354	4416.67
8862670.903	2927418.354	4417.176
8862697.57	2927418.354	4422.945
8862724.236	2927418.354	4431.405
8862750.902	2927418.354	4442.432
8862777.569	2927418.354	4451.919
8862804.235	2927418.354	4461.288
8862830.901	2927418.354	4470.153
8862857.568	2927418.354	4479.217
8862884.234	2927418.354	4487.726
8862910.901	2927418.354	4495.227
8862937.567	2927418.354	4502.699
8862964.233	2927418.354	4509.536
8862990.9	2927418.354	4517.013
8863017.566	2927418.354	4524.375
8863044.233	2927418.354	4531.715
8863070.899	2927418.354	4538.712
8863097.565	2927418.354	4545.298
8863124.232	2927418.354	4551.645
8863150.898	2927418.354	4556.287
8863177.564	2927418.354	4559.366
8863204.231	2927418.354	4560.305
8863230.897	2927418.354	4558.037
8863257.564	2927418.354	4555.622
8863284.23	2927418.354	4552.437
8863310.896	2927418.354	4548.047
8863337.563	2927418.354	4544.49
8863364.229	2927418.354	4540.521
8863390.895	2927418.354	4535.247
8863417.562	2927418.354	4529.396
8863444.228	2927418.354	4523.411
8862404.239	2927448.917	4431.884
8862430.906	2927448.917	4434.417
8862457.572	2927448.917	4436.081
8862484.238	2927448.917	4436.645
8862510.905	2927448.917	4437.257
8862537.571	2927448.917	4437.712
8862564.238	2927448.917	4436.178
8862590.904	2927448.917	4434.541
8862617.57	2927448.917	4434.136
8862644.237	2927448.917	4432.252
8862670.903	2927448.917	4429.609
8862697.57	2927448.917	4428.642
8862724.236	2927448.917	4431.163
8862750.902	2927448.917	4438.86
8862777.569	2927448.917	4447.977
8862804.235	2927448.917	4459.173
8862830.901	2927448.917	4469.418
8862857.568	2927448.917	4479.165
8862884.234	2927448.917	4488.194
8862910.901	2927448.917	4496.168
8862937.567	2927448.917	4503.889
8862964.233	2927448.917	4510.957
8862990.9	2927448.917	4518.478
8863017.566	2927448.917	4525.798
8863044.233	2927448.917	4533.413
8863070.899	2927448.917	4539.195
8863097.565	2927448.917	4543.39
8863124.232	2927448.917	4546.679
8863150.898	2927448.917	4548.218
8863177.564	2927448.917	4547.671
8863204.231	2927448.917	4546.209
8863230.897	2927448.917	4543.938
8863257.564	2927448.917	4542.41
8863284.23	2927448.917	4539.295
8863310.896	2927448.917	4535.039
8863337.563	2927448.917	4530.928
8863364.229	2927448.917	4526.772
8863390.895	2927448.917	4521.847
8863417.562	2927448.917	4515.968
8863444.228	2927448.917	4510.309
8862404.239	2927479.48	4445.293
8862430.906	2927479.48	4449.458
8862457.572	2927479.48	4451.413
8862484.238	2927479.48	4452.229
8862510.905	2927479.48	4452.806
8862537.571	2927479.48	4453.088
8862564.238	2927479.48	4451.773
8862590.904	2927479.48	4450.457
8862617.57	2927479.48	4449.968
8862644.237	2927479.48	4448.702
8862670.903	2927479.48	4445.786
8862697.57	2927479.48	4442.79
8862724.236	2927479.48	4441.398
8862750.902	2927479.48	4444.426
8862777.569	2927479.48	4448.13
8862804.235	2927479.48	4455.318
8862830.901	2927479.48	4466.886
8862857.568	2927479.48	4477.93
8862884.234	2927479.48	4487.416
8862910.901	2927479.48	4496.058
8862937.567	2927479.48	4504.027
8862964.233	2927479.48	4511.48
8862990.9	2927479.48	4519.103
8863017.566	2927479.48	4525.938
8863044.233	2927479.48	4530.915
8863070.899	2927479.48	4534.355
8863097.565	2927479.48	4536.9
8863124.232	2927479.48	4538.051
8863150.898	2927479.48	4537.952
8863177.564	2927479.48	4536.182
8863204.231	2927479.48	4534.159
8863230.897	2927479.48	4532.16
8863257.564	2927479.48	4530.038
8863284.23	2927479.48	4526.745
8863310.896	2927479.48	4522.484
8863337.563	2927479.48	4517.306
8863364.229	2927479.48	4512.361
8863390.895	2927479.48	4507.827
8863417.562	2927479.48	4501.795
8863444.228	2927479.48	4496.251
8862404.239	2927510.044	4457.289
8862430.906	2927510.044	4462.95
8862457.572	2927510.044	4465.675
8862484.238	2927510.044	4467.13
8862510.905	2927510.044	4468.069
8862537.571	2927510.044	4468.504
8862564.238	2927510.044	4467.62
8862590.904	2927510.044	4467.022
8862617.57	2927510.044	4466.419
8862644.237	2927510.044	4464.37
8862670.903	2927510.044	4461.262
8862697.57	2927510.044	4458.02
8862724.236	2927510.044	4457.094
8862750.902	2927510.044	4458.549
8862777.569	2927510.044	4459.115
8862804.235	2927510.044	4459.693
8862830.901	2927510.044	4463.926
8862857.568	2927510.044	4475.29
8862884.234	2927510.044	4486.845
8862910.901	2927510.044	4496.477
8862937.567	2927510.044	4504.841
8862964.233	2927510.044	4511.172
8862990.9	2927510.044	4516.35
8863017.566	2927510.044	4519.865
8863044.233	2927510.044	4522.084
8863070.899	2927510.044	4525.029
8863097.565	2927510.044	4529.101
8863124.232	2927510.044	4529.753
8863150.898	2927510.044	4527.374
8863177.564	2927510.044	4525.364
8863204.231	2927510.044	4523.396
8863230.897	2927510.044	4521.026
8863257.564	2927510.044	4517.567
8863284.23	2927510.044	4514.806
8863310.896	2927510.044	4511.046
8863337.563	2927510.044	4505.422
8863364.229	2927510.044	4499.462
8863390.895	2927510.044	4494.399
8863417.562	2927510.044	4488.969
8863444.228	2927510.044	4482.914
8862404.239	2927540.607	4468.303
8862430.906	2927540.607	4474.436
8862457.572	2927540.607	4477.907
8862484.238	2927540.607	4480.614
8862510.905	2927540.607	4482.753
8862537.571	2927540.607	4484.307
8862564.238	2927540.607	4484.146
8862590.904	2927540.607	4483.549
8862617.57	2927540.607	4482.871
8862644.237	2927540.607	4480.005
8862670.903	2927540.607	4476.177
8862697.57	2927540.607	4472.591
8862724.236	2927540.607	4472.582
8862750.902	2927540.607	4473.263
8862777.569	2927540.607	4473.389
8862804.235	2927540.607	4472.167
8862830.901	2927540.607	4470.134
8862857.568	2927540.607	4473.655
8862884.234	2927540.607	4482.682
8862910.901	2927540.607	4495.114
8862937.567	2927540.607	4503.397
8862964.233	2927540.607	4507.648
8862990.9	2927540.607	4510.079
8863017.566	2927540.607	4510.948
8863044.233	2927540.607	4512.3
8863070.899	2927540.607	4514.363
8863097.565	2927540.607	4517.808
8863124.232	2927540.607	4518.27
8863150.898	2927540.607	4515.552
8863177.564	2927540.607	4513.69
8863204.231	2927540.607	4511.91
8863230.897	2927540.607	4508.708
8863257.564	2927540.607	4504.693
8863284.23	2927540.607	4502.008
8863310.896	2927540.607	4497.556
8863337.563	2927540.607	4491.991
8863364.229	2927540.607	4486.354
8863390.895	2927540.607	4481.731
8863417.562	2927540.607	4476.481
8863444.228	2927540.607	4470.892
8862404.239	2927571.17	4479.435
8862430.906	2927571.17	4484.53
8862457.572	2927571.17	4489.022
8862484.238	2927571.17	4492.621
8862510.905	2927571.17	4496.658
8862537.571	2927571.17	4499.765
8862564.238	2927571.17	4500.66
8862590.904	2927571.17	4500.083
8862617.57	2927571.17	4499.363
8862644.237	2927571.17	4496.274
8862670.903	2927571.17	4491.628
8862697.57	2927571.17	4488.054
8862724.236	2927571.17	4488.394
8862750.902	2927571.17	4488.358
8862777.569	2927571.17	4487.437
8862804.235	2927571.17	4486.095
8862830.901	2927571.17	4483.688
8862857.568	2927571.17	4481.759
8862884.234	2927571.17	4483.402
8862910.901	2927571.17	4489.837
8862937.567	2927571.17	4499.376
8862964.233	2927571.17	4503.608
8862990.9	2927571.17	4505.104
8863017.566	2927571.17	4505.28
8863044.233	2927571.17	4505.189
8863070.899	2927571.17	4505.473
8863097.565	2927571.17	4505.641
8863124.232	2927571.17	4505.003
8863150.898	2927571.17	4502.59
8863177.564	2927571.17	4500.127
8863204.231	2927571.17	4497.963
8863230.897	2927571.17	4494.868
8863257.564	2927571.17	4491.868
8863284.23	2927571.17	4488.758
8863310.896	2927571.17	4483.631
8863337.563	2927571.17	4478.116
8863364.229	2927571.17	4472.769
8863390.895	2927571.17	4467.862
8863417.562	2927571.17	4462.898
8863444.228	2927571.17	4457.884
8862404.239	2927601.733	4490.099
8862430.906	2927601.733	4494.327
8862457.572	2927601.733	4498.997
8862484.238	2927601.733	4502.731
8862510.905	2927601.733	4508.25
8862537.571	2927601.733	4512.188
8862564.238	2927601.733	4514.02
8862590.904	2927601.733	4514.463
8862617.57	2927601.733	4514.325
8862644.237	2927601.733	4512.364
8862670.903	2927601.733	4508.612
8862697.57	2927601.733	4506.081
8862724.236	2927601.733	4505.704
8862750.902	2927601.733	4504.626
8862777.569	2927601.733	4502.742
8862804.235	2927601.733	4500.975
8862830.901	2927601.733	4499.307
8862857.568	2927601.733	4496.915
8862884.234	2927601.733	4495.705
8862910.901	2927601.733	4496.422
8862937.567	2927601.733	4500.854
8862964.233	2927601.733	4503.451
8862990.9	2927601.733	4504.498
8863017.566	2927601.733	4504.437
8863044.233	2927601.733	4503.136
8863070.899	2927601.733	4501.081
8863097.565	2927601.733	4498.463
8863124.232	2927601.733	4495.629
8863150.898	2927601.733	4491.747
8863177.564	2927601.733	4487.719
8863204.231	2927601.733	4484.72
8863230.897	2927601.733	4481.839
8863257.564	2927601.733	4479.01
8863284.23	2927601.733	4474.989
8863310.896	2927601.733	4470.851
8863337.563	2927601.733	4466.174
8863364.229	2927601.733	4460.389
8863390.895	2927601.733	4454.126
8863417.562	2927601.733	4448.563
8863444.228	2927601.733	4443.349
8862404.239	2927632.296	4497.824
8862430.906	2927632.296	4503.391
8862457.572	2927632.296	4507.709
8862484.238	2927632.296	4511.477
8862510.905	2927632.296	4516.58
8862537.571	2927632.296	4522.075
8862564.238	2927632.296	4524.409
8862590.904	2927632.296	4525.381
8862617.57	2927632.296	4526.034
8862644.237	2927632.296	4525.883
8862670.903	2927632.296	4524.894
8862697.57	2927632.296	4524.767
8862724.236	2927632.296	4524.286
8862750.902	2927632.296	4522.341
8862777.569	2927632.296	4519.555
8862804.235	2927632.296	4516.856
8862830.901	2927632.296	4514.892
8862857.568	2927632.296	4512.15
8862884.234	2927632.296	4510.527
8862910.901	2927632.296	4509.472
8862937.567	2927632.296	4508.777
8862964.233	2927632.296	4508.292
8862990.9	2927632.296	4507.732
8863017.566	2927632.296	4506.727
8863044.233	2927632.296	4504.729
8863070.899	2927632.296	4501.458
8863097.565	2927632.296	4498.49
8863124.232	2927632.296	4494.699
8863150.898	2927632.296	4488.765
8863177.564	2927632.296	4482.062
8863204.231	2927632.296	4475.412
8863230.897	2927632.296	4469.168
8863257.564	2927632.296	4465.258
8863284.23	2927632.296	4462.88
8863310.896	2927632.296	4459.058
8863337.563	2927632.296	4454.657
8863364.229	2927632.296	4448.013
8863390.895	2927632.296	4440.928
8863417.562	2927632.296	4435.375
8863444.228	2927632.296	4429.88
8862404.239	2927662.86	4505.045
8862430.906	2927662.86	4511.155
8862457.572	2927662.86	4516.087
8862484.238	2927662.86	4520.365
8862510.905	2927662.86	4524.334
8862537.571	2927662.86	4529.566
8862564.238	2927662.86	4533.318
8862590.904	2927662.86	4535.298
8862617.57	2927662.86	4536.445
8862644.237	2927662.86	4537.314
8862670.903	2927662.86	4538.104
8862697.57	2927662.86	4540.103
8862724.236	2927662.86	4541.458
8862750.902	2927662.86	4540.245
8862777.569	2927662.86	4537.227
8862804.235	2927662.86	4534.032
8862830.901	2927662.86	4530.809
8862857.568	2927662.86	4527.233
8862884.234	2927662.86	4524.528
8862910.901	2927662.86	4522.128
8862937.567	2927662.86	4519.494
8862964.233	2927662.86	4516.976
8862990.9	2927662.86	4514.567
8863017.566	2927662.86	4512.164
8863044.233	2927662.86	4509.394
8863070.899	2927662.86	4506.207
8863097.565	2927662.86	4503.57
8863124.232	2927662.86	4500.069
8863150.898	2927662.86	4492.891
8863177.564	2927662.86	4484.115
8863204.231	2927662.86	4475.666
8863230.897	2927662.86	4466.802
8863257.564	2927662.86	4458.12
8863284.23	2927662.86	4451.815
8863310.896	2927662.86	4446.85
8863337.563	2927662.86	4444.229
8863364.229	2927662.86	4438.082
8863390.895	2927662.86	4430.634
8863417.562	2927662.86	4424.345
8863444.228	2927662.86	4418.672
8862404.239	2927693.423	4512.195
8862430.906	2927693.423	4518.741
8862457.572	2927693.423	4524.105
8862484.238	2927693.423	4529.208
8862510.905	2927693.423	4533.689
8862537.571	2927693.423	4538.215
8862564.238	2927693.423	4541.732
8862590.904	2927693.423	4544.134
8862617.57	2927693.423	4546.486
8862644.237	2927693.423	4548.317
8862670.903	2927693.423	4549.432
8862697.57	2927693.423	4551.107
8862724.236	2927693.423	4553.373
8862750.902	2927693.423	4554.219
8862777.569	2927693.423	4553.375
8862804.235	2927693.423	4550.54
8862830.901	2927693.423	4547.075
8862857.568	2927693.423	4543.075
8862884.234	2927693.423	4539.646
8862910.901	2927693.423	4535.978
8862937.567	2927693.423	4531.749
8862964.233	2927693.423	4528.029
8862990.9	2927693.423	4524.441
8863017.566	2927693.423	4520.727
8863044.233	2927693.423	4516.962
8863070.899	2927693.423	4513.582
8863097.565	2927693.423	4509.926
8863124.232	2927693.423	4505.456
8863150.898	2927693.423	4498.277
8863177.564	2927693.423	4489.753
8863204.231	2927693.423	4481.588
8863230.897	2927693.423	4472.216
8863257.564	2927693.423	4460.583
8863284.23	2927693.423	4449.249
8863310.896	2927693.423	4439.985
8863337.563	2927693.423	4432.687
8863364.229	2927693.423	4427.764
8863390.895	2927693.423	4419.543
8863417.562	2927693.423	4413.018
8863444.228	2927693.423	4408.583
8862404.239	2927723.986	4516.571
8862430.906	2927723.986	4525.358
8862457.572	2927723.986	4531.915
8862484.238	2927723.986	4537.283
8862510.905	2927723.986	4542.678
8862537.571	2927723.986	4547.807
8862564.238	2927723.986	4551.729
8862590.904	2927723.986	4553.983
8862617.57	2927723.986	4556.021
8862644.237	2927723.986	4558.546
8862670.903	2927723.986	4559.896
8862697.57	2927723.986	4560.266
8862724.236	2927723.986	4562.443
8862750.902	2927723.986	4565.205
8862777.569	2927723.986	4566.483
8862804.235	2927723.986	4565.347
8862830.901	2927723.986	4562.371
8862857.568	2927723.986	4558.787
8862884.234	2927723.986	4555.187
8862910.901	2927723.986	4550.909
8862937.567	2927723.986	4545.927
8862964.233	2927723.986	4541.352
8862990.9	2927723.986	4536.93
8863017.566	2927723.986	4532.002
8863044.233	2927723.986	4527.17
8863070.899	2927723.986	4522.569
8863097.565	2927723.986	4517.433
8863124.232	2927723.986	4511.584
8863150.898	2927723.986	4504.692
8863177.564	2927723.986	4496.705
8863204.231	2927723.986	4488.478
8863230.897	2927723.986	4478.5
8863257.564	2927723.986	4466.345
8863284.23	2927723.986	4454.158
8863310.896	2927723.986	4442.87
8863337.563	2927723.986	4431.174
8863364.229	2927723.986	4422.509
8863390.895	2927723.986	4413.841
8863417.562	2927723.986	4405.729
8863444.228	2927723.986	4398.831
8862404.239	2927754.549	4517.332
8862430.906	2927754.549	4527.463
8862457.572	2927754.549	4536.324
8862484.238	2927754.549	4543.281
8862510.905	2927754.549	4549.783
8862537.571	2927754.549	4556.086
8862564.238	2927754.549	4561.393
8862590.904	2927754.549	4564.856
8862617.57	2927754.549	4566.414
8862644.237	2927754.549	4567.863
8862670.903	2927754.549	4569.017
8862697.57	2927754.549	4568.945
8862724.236	2927754.549	4571.301
8862750.902	2927754.549	4574.799
8862777.569	2927754.549	4577.116
8862804.235	2927754.549	4577.201
8862830.901	2927754.549	4575.546
8862857.568	2927754.549	4573.074
8862884.234	2927754.549	4570.016
8862910.901	2927754.549	4565.635
8862937.567	2927754.549	4560.927
8862964.233	2927754.549	4555.999
8862990.9	2927754.549	4550.958
8863017.566	2927754.549	4545.364
8863044.233	2927754.549	4539.824
8863070.899	2927754.549	4533.945
8863097.565	2927754.549	4527.729
8863124.232	2927754.549	4521.419
8863150.898	2927754.549	4514.142
8863177.564	2927754.549	4505.686
8863204.231	2927754.549	4496.396
8863230.897	2927754.549	4484.521
8863257.564	2927754.549	4472.339
8863284.23	2927754.549	4460.711
8863310.896	2927754.549	4448.008
8863337.563	2927754.549	4435.639
8863364.229	2927754.549	4425.961
8863390.895	2927754.549	4415.625
8863417.562	2927754.549	4404.842
8863444.228	2927754.549	4395.844
8862404.239	2927785.112	4517.19
8862430.906	2927785.112	4525.916
8862457.572	2927785.112	4534.808
8862484.238	2927785.112	4543.26
8862510.905	2927785.112	4551.508
8862537.571	2927785.112	4559.707
8862564.238	2927785.112	4567.06
8862590.904	2927785.112	4572.243
8862617.57	2927785.112	4575.084
8862644.237	2927785.112	4576.064
8862670.903	2927785.112	4576.305
8862697.57	2927785.112	4576.816
8862724.236	2927785.112	4579.64
8862750.902	2927785.112	4583.656
8862777.569	2927785.112	4586.461
8862804.235	2927785.112	4587.081
8862830.901	2927785.112	4586.652
8862857.568	2927785.112	4585.37
8862884.234	2927785.112	4583.003
8862910.901	2927785.112	4579.059
8862937.567	2927785.112	4574.414
8862964.233	2927785.112	4569.553
8862990.9	2927785.112	4564.05
8863017.566	2927785.112	4558.492
8863044.233	2927785.112	4552.713
8863070.899	2927785.112	4546.507
8863097.565	2927785.112	4540.196
8863124.232	2927785.112	4533.568
8863150.898	2927785.112	4526.346
8863177.564	2927785.112	4517.709
8863204.231	2927785.112	4507.788
8863230.897	2927785.112	4496.326
8863257.564	2927785.112	4484.769
8863284.23	2927785.112	4471.454
8863310.896	2927785.112	4457.73
8863337.563	2927785.112	4445.588
8863364.229	2927785.112	4432.521
8863390.895	2927785.112	4421.258
8863417.562	2927785.112	4410.845
8863444.228	2927785.112	4400.792
