100 
0 0
2.02E-05 505560966.2
4.04E-05 913977282.8
6.06E-05 1239248868
8.08E-05 1493582230
1.01E-04 1687605848
1.21E-04 1830560716
1.41E-04 1930468850
1.62E-04 1994282213
1.82E-04 2028014280
2.02E-04 2036856202
2.22E-04 2025279307
2.42E-04 1997125500
2.63E-04 1955686931
2.83E-04 1903776175
3.03E-04 1843787989
3.23E-04 1777753636
3.43E-04 1707388629
3.64E-04 1634134651
3.84E-04 1559196335
0.00040404 1.48E+09
0.000424242 1408089436
0.000444444 1333415493
0.000464646 1260092778
0.000484848 1188550937
0.000505051 1.12E+09
0.000525253 1052067600
0.000545455 987565552.3
0.000565657 925746482.2
0.000585859 8.67E+08
0.000606061 810436579.3
0.000626263 756992095.2
0.000646465 706336256.7
0.000666667 658426545.1
0.000686869 613202870.5
0.000707071 570591341.4
0.000727273 530507470.5
0.000747475 492858893.6
0.000767677 457547662.4
0.000787879 424472170.2
0.000808081 393528759.5
0.000828283 364613053.3
0.000848485 337621050.4
0.000868687 312450016.8
0.000888889 288999202.2
0.000909091 267170406.7
0.000929293 246868421.4
0.000949495 228001359.6
0.000969697 210480897.4
0.000989899 194222437.4
0.001010101 179145207.6
0.001030303 165172307.9
0.001050505 152230710.8
0.001070707 140251227.7
0.001090909 129168445.3
0.001111111 118920638.5
0.001131313 109449666
0.001151515 100700850.8
0.001171717 92622851.71
0.001191919 85167526.96
0.001212121 78289793.21
0.001232323 71947482.31
0.001252525 66101197.31
0.001272727 60714169.19
0.001292929 55752115.55
0.001313131 51183102.19
0.001333333 46977408.38
0.001353535 43107396.27
0.001373737 39547385.05
0.001393939 36273529.95
0.001414141 33263706.55
0.001434343 30497400.28
0.001454545 27955601.31
0.001474747 25620704.79
0.001494949 23476416.32
0.001515152 21507662.69
0.001535354 19700507.59
0.001555556 18042072.33
0.001575758 16520461.21
0.00159596 15124691.55
0.001616162 13844628.06
0.001636364 12670921.35
0.001656566 11594950.51
0.001676768 10608769.41
0.00169697 9705056.632
0.001717172 8877068.766
0.001737374 8118596.93
0.001757576 7423926.304
0.001777778 6787798.509
0.00179798 6205376.649
0.001818182 5672212.864
0.001838384 5184218.217
0.001858586 4737634.792
0.001878788 4329009.821
0.00189899 3955171.746
0.001919192 3613208.048
0.001939394 3300444.751
0.001959596 3014427.471
0.001979798 2752903.898
0.002 2513807.631
