2896
0	2.4E-4
0.01	1.2E-4
0.02	2E-5
0.03	-3E-5
0.04	-1E-5
0.05	7E-5
0.06	1.9E-4
0.07	3E-4
0.08	3.6E-4
0.09	3.6E-4
0.1	2.9E-4
0.11	1.7E-4
0.12	7E-5
0.13	2E-5
0.14	2E-5
0.15	8E-5
0.16	1.7E-4
0.17	2.5E-4
0.18	2.8E-4
0.19	2.4E-4
0.2	1.2E-4
0.21	-3E-5
0.22	-1.6E-4
0.23	-2E-4
0.24	-1.6E-4
0.25	-4E-5
0.26	1.1E-4
0.27	2.5E-4
0.28	3.2E-4
0.29	3E-4
0.3	1.9E-4
0.31	3E-5
0.32	-9E-5
0.33	-1.4E-4
0.34	-1E-4
0.35	1E-5
0.36	1.4E-4
0.37	2.4E-4
0.38	2.6E-4
0.39	1.9E-4
0.4	3E-5
0.41	-1.5E-4
0.42	-3E-4
0.43	-3.4E-4
0.44	-2.8E-4
0.45	-1.3E-4
0.46	6E-5
0.47	2.1E-4
0.48	2.7E-4
0.49	2E-4
0.5	2E-5
0.51	-2.1E-4
0.52	-4E-4
0.53	-4.9E-4
0.54	-4.3E-4
0.55	-2.6E-4
0.56	-4E-5
0.57	1.4E-4
0.58	2.2E-4
0.59	1.7E-4
0.6	2E-5
0.61	-1.9E-4
0.62	-3.8E-4
0.63	-4.9E-4
0.64	-4.9E-4
0.65	-3.9E-4
0.66	-2.1E-4
0.67	-3E-5
0.68	9E-5
0.69	1.3E-4
0.7	9E-5
0.71	-1E-5
0.72	-1.3E-4
0.73	-2.2E-4
0.74	-3E-4
0.75	-3.8E-4
0.76	-5.3E-4
0.77	-8.1E-4
0.78	-0.0012
0.79	-0.00161
0.8	-0.00187
0.81	-0.00188
0.82	-0.00162
0.83	-0.00118
0.84	-7.2E-4
0.85	-3E-4
0.86	3E-5
0.87	3E-4
0.88	4.6E-4
0.89	4.8E-4
0.9	3.5E-4
0.91	1.2E-4
0.92	-1E-4
0.93	-2.1E-4
0.94	-2.2E-4
0.95	-1.8E-4
0.96	-1.6E-4
0.97	-1.9E-4
0.98	-2.9E-4
0.99	-4.6E-4
1	-7.1E-4
1.01	-9.7E-4
1.02	-0.00114
1.03	-0.00114
1.04	-9.7E-4
1.05	-7.1E-4
1.06	-5.2E-4
1.07	-4.7E-4
1.08	-5.5E-4
1.09	-6.9E-4
1.1	-8.5E-4
1.11	-0.00103
1.12	-0.00121
1.13	-0.00131
1.14	-0.00119
1.15	-8.1E-4
1.16	-2.4E-4
1.17	3.1E-4
1.18	6.5E-4
1.19	7.1E-4
1.2	5.7E-4
1.21	3.5E-4
1.22	1.9E-4
1.23	1.7E-4
1.24	3.2E-4
1.25	6.6E-4
1.26	0.00116
1.27	0.00175
1.28	0.00234
1.29	0.00284
1.3	0.0032
1.31	0.00341
1.32	0.00343
1.33	0.00324
1.34	0.00279
1.35	0.00218
1.36	0.00155
1.37	0.00111
1.38	9.3E-4
1.39	9E-4
1.4	8.2E-4
1.41	5.8E-4
1.42	2.8E-4
1.43	1.6E-4
1.44	4.2E-4
1.45	0.00107
1.46	0.00188
1.47	0.00259
1.48	0.00304
1.49	0.00327
1.5	0.00337
1.51	0.00336
1.52	0.00316
1.53	0.00265
1.54	0.00167
1.55	1.2E-4
1.56	-0.0021
1.57	-0.00497
1.58	-0.00839
1.59	-0.01215
1.6	-0.01587
1.61	-0.019
1.62	-0.02074
1.63	-0.0203
1.64	-0.01731
1.65	-0.01224
1.66	-0.00634
1.67	-0.00109
1.68	0.00261
1.69	0.00475
1.7	0.00592
1.71	0.00672
1.72	0.00734
1.73	0.00771
1.74	0.00779
1.75	0.00762
1.76	0.00718
1.77	0.00626
1.78	0.0046
1.79	0.00224
1.8	-4.5E-4
1.81	-0.00303
1.82	-0.00528
1.83	-0.00718
1.84	-0.00868
1.85	-0.00944
1.86	-0.00909
1.87	-0.0076
1.88	-0.00543
1.89	-0.00331
1.9	-0.00173
1.91	-6.7E-4
1.92	2.3E-4
1.93	0.00141
1.94	0.00305
1.95	0.00506
1.96	0.00708
1.97	0.00861
1.98	0.00924
1.99	0.00883
2	0.0076
2.01	0.006
2.02	0.00443
2.03	0.00317
2.04	0.00237
2.05	0.00216
2.06	0.00261
2.07	0.00349
2.08	0.00426
2.09	0.00429
2.1	0.00326
2.11	0.00131
2.12	-0.00111
2.13	-0.00361
2.14	-0.00588
2.15	-0.00752
2.16	-0.00798
2.17	-0.0068
2.18	-0.00415
2.19	-9.8E-4
2.2	0.00144
2.21	0.00224
2.22	0.00139
2.23	-5.4E-4
2.24	-0.00282
2.25	-0.0049
2.26	-0.00632
2.27	-0.00657
2.28	-0.00534
2.29	-0.00283
2.3	1.3E-4
2.31	0.00255
2.32	0.00383
2.33	0.00412
2.34	0.00398
2.35	0.00392
2.36	0.00419
2.37	0.00491
2.38	0.00618
2.39	0.00799
2.4	0.00994
2.41	0.0113
2.42	0.01144
2.43	0.01026
2.44	0.00814
2.45	0.00553
2.46	0.00258
2.47	-8E-4
2.48	-0.00458
2.49	-0.0084
2.5	-0.01174
2.51	-0.01412
2.52	-0.01511
2.53	-0.01439
2.54	-0.01186
2.55	-0.00793
2.56	-0.00359
2.57	3E-5
2.58	0.00238
2.59	0.00373
2.6	0.0047
2.61	0.00551
2.62	0.00581
2.63	0.00523
2.64	0.00406
2.65	0.00316
2.66	0.00321
2.67	0.00405
2.68	0.00487
2.69	0.00491
2.7	0.00407
2.71	0.00278
2.72	0.00148
2.73	3.9E-4
2.74	-4.5E-4
2.75	-9.8E-4
2.76	-0.00115
2.77	-0.00103
2.78	-8E-4
2.79	-4.8E-4
2.8	1E-5
2.81	7.1E-4
2.82	0.00132
2.83	0.0014
2.84	7.9E-4
2.85	-2.3E-4
2.86	-0.00129
2.87	-0.00223
2.88	-0.00317
2.89	-0.00401
2.9	-0.00426
2.91	-0.00344
2.92	-0.00159
2.93	6.4E-4
2.94	0.00265
2.95	0.00451
2.96	0.00685
2.97	0.01001
2.98	0.01353
2.99	0.01642
3	0.01803
3.01	0.01844
3.02	0.01821
3.03	0.01774
3.04	0.01709
3.05	0.01627
3.06	0.01547
3.07	0.01495
3.08	0.01464
3.09	0.01413
3.1	0.01289
3.11	0.01063
3.12	0.00738
3.13	0.00334
3.14	-0.00109
3.15	-0.00532
3.16	-0.00866
3.17	-0.01061
3.18	-0.01106
3.19	-0.01021
3.2	-0.00843
3.21	-0.0063
3.22	-0.00477
3.23	-0.00484
3.24	-0.00681
3.25	-0.0096
3.26	-0.01105
3.27	-0.00927
3.28	-0.00398
3.29	0.00332
3.3	0.01042
3.31	0.01572
3.32	0.01867
3.33	0.01936
3.34	0.01809
3.35	0.01542
3.36	0.01234
3.37	0.01003
3.38	0.00914
3.39	0.00946
3.4	0.01025
3.41	0.01102
3.42	0.01169
3.43	0.01222
3.44	0.01219
3.45	0.01099
3.46	0.0085
3.47	0.00528
3.48	0.00211
3.49	-6.8E-4
3.5	-0.00333
3.51	-0.00601
3.52	-0.00836
3.53	-0.00958
3.54	-0.0092
3.55	-0.00752
3.56	-0.0054
3.57	-0.00357
3.58	-0.0022
3.59	-0.00101
3.6	3.1E-4
3.61	0.00187
3.62	0.0036
3.63	0.00547
3.64	0.00751
3.65	0.00971
3.66	0.01185
3.67	0.01344
3.68	0.01389
3.69	0.0128
3.7	0.01026
3.71	0.00679
3.72	0.00301
3.73	-6.1E-4
3.74	-0.00378
3.75	-0.00606
3.76	-0.00683
3.77	-0.00557
3.78	-0.00242
3.79	0.0016
3.8	0.00516
3.81	0.00738
3.82	0.00818
3.83	0.00789
3.84	0.00662
3.85	0.00414
3.86	2.7E-4
3.87	-0.00466
3.88	-0.00987
3.89	-0.01461
3.9	-0.01838
3.91	-0.02083
3.92	-0.02152
3.93	-0.02004
3.94	-0.01659
3.95	-0.01215
3.96	-0.00808
3.97	-0.00534
3.98	-0.00411
3.99	-0.00397
4	-0.00445
4.01	-0.0052
4.02	-0.00582
4.03	-0.00574
4.04	-0.00443
4.05	-0.00182
4.06	0.00152
4.07	0.00464
4.08	0.00665
4.09	0.00695
4.1	0.0053
4.11	0.00175
4.12	-0.00331
4.13	-0.00922
4.14	-0.01514
4.15	-0.0204
4.16	-0.02469
4.17	-0.02797
4.18	-0.03036
4.19	-0.03193
4.2	-0.03271
4.21	-0.03271
4.22	-0.03185
4.23	-0.02994
4.24	-0.02673
4.25	-0.02211
4.26	-0.01627
4.27	-0.00965
4.28	-0.00287
4.29	0.00337
4.3	0.00835
4.31	0.01136
4.32	0.01194
4.33	0.01016
4.34	0.00664
4.35	0.00235
4.36	-0.0018
4.37	-0.0052
4.38	-0.00751
4.39	-0.00852
4.4	-0.00815
4.41	-0.00659
4.42	-0.00438
4.43	-0.00212
4.44	-1.3E-4
4.45	0.00174
4.46	0.00372
4.47	0.00564
4.48	0.00673
4.49	0.00609
4.5	0.00335
4.51	-0.00107
4.52	-0.00622
4.53	-0.01122
4.54	-0.01553
4.55	-0.01888
4.56	-0.02102
4.57	-0.02186
4.58	-0.02172
4.59	-0.02139
4.6	-0.02173
4.61	-0.02291
4.62	-0.02426
4.63	-0.02473
4.64	-0.02367
4.65	-0.02125
4.66	-0.01815
4.67	-0.0148
4.68	-0.01113
4.69	-0.00686
4.7	-0.00222
4.71	0.00184
4.72	0.00419
4.73	0.00436
4.74	0.00291
4.75	0.00104
4.76	-2.5E-4
4.77	-6.9E-4
4.78	-6E-4
4.79	-3.8E-4
4.8	-2.5E-4
4.81	-3.3E-4
4.82	-9.2E-4
4.83	-0.00229
4.84	-0.00436
4.85	-0.00649
4.86	-0.0078
4.87	-0.00772
4.88	-0.00629
4.89	-0.00387
4.9	-7.6E-4
4.91	0.00289
4.92	0.00681
4.93	0.01036
4.94	0.01279
4.95	0.01373
4.96	0.01345
4.97	0.01265
4.98	0.01202
4.99	0.01199
5	0.01287
5.01	0.01486
5.02	0.01794
5.03	0.02171
5.04	0.02542
5.05	0.02838
5.06	0.03026
5.07	0.03108
5.08	0.03105
5.09	0.03044
5.1	0.02952
5.11	0.02859
5.12	0.02773
5.13	0.02667
5.14	0.02486
5.15	0.02183
5.16	0.01738
5.17	0.01157
5.18	0.00463
5.19	-0.003
5.2	-0.01061
5.21	-0.01742
5.22	-0.02293
5.23	-0.02713
5.24	-0.03039
5.25	-0.03328
5.26	-0.03648
5.27	-0.04097
5.28	-0.0478
5.29	-0.05755
5.3	-0.06975
5.31	-0.0829
5.32	-0.09493
5.33	-0.10359
5.34	-0.10636
5.35	-0.10061
5.36	-0.08484
5.37	-0.06057
5.38	-0.03297
5.39	-0.00905
5.4	0.00575
5.41	0.01003
5.42	0.00594
5.43	-0.00332
5.44	-0.0155
5.45	-0.02946
5.46	-0.0441
5.47	-0.05804
5.48	-0.07014
5.49	-0.07986
5.5	-0.08669
5.51	-0.08937
5.52	-0.08649
5.53	-0.07813
5.54	-0.06659
5.55	-0.05494
5.56	-0.04456
5.57	-0.03442
5.58	-0.02294
5.59	-0.01062
5.6	-3.8E-4
5.61	0.00472
5.62	0.00415
5.63	1.8E-4
5.64	-0.00397
5.65	-0.00613
5.66	-0.00554
5.67	-0.00207
5.68	0.00404
5.69	0.01173
5.7	0.01895
5.71	0.0236
5.72	0.02487
5.73	0.02342
5.74	0.02031
5.75	0.01587
5.76	0.00986
5.77	0.00239
5.78	-0.00559
5.79	-0.01291
5.8	-0.01904
5.81	-0.02407
5.82	-0.02806
5.83	-0.03072
5.84	-0.03189
5.85	-0.03201
5.86	-0.03194
5.87	-0.03228
5.88	-0.0331
5.89	-0.03469
5.9	-0.03805
5.91	-0.04441
5.92	-0.05396
5.93	-0.06532
5.94	-0.07634
5.95	-0.08559
5.96	-0.09305
5.97	-0.09957
5.98	-0.10605
5.99	-0.11318
6	-0.12165
6.01	-0.13194
6.02	-0.14355
6.03	-0.15433
6.04	-0.1608
6.05	-0.15926
6.06	-0.14718
6.07	-0.12421
6.08	-0.09284
6.09	-0.05817
6.1	-0.02657
6.11	-0.00325
6.12	0.00985
6.13	0.01425
6.14	0.0129
6.15	0.00782
6.16	-5.5E-4
6.17	-0.01226
6.18	-0.02654
6.19	-0.04196
6.2	-0.05754
6.21	-0.07315
6.22	-0.08843
6.23	-0.10161
6.24	-0.10977
6.25	-0.11068
6.26	-0.10414
6.27	-0.0918
6.28	-0.07571
6.29	-0.05746
6.3	-0.03869
6.31	-0.0217
6.32	-0.00914
6.33	-0.0026
6.34	-0.00169
6.35	-0.00441
6.36	-0.0084
6.37	-0.01195
6.38	-0.01435
6.39	-0.01585
6.4	-0.01754
6.41	-0.02081
6.42	-0.02617
6.43	-0.03245
6.44	-0.03721
6.45	-0.03845
6.46	-0.03596
6.47	-0.03111
6.48	-0.02556
6.49	-0.0205
6.5	-0.0174
6.51	-0.01876
6.52	-0.02754
6.53	-0.04497
6.54	-0.0691
6.55	-0.09556
6.56	-0.11983
6.57	-0.1388
6.58	-0.15048
6.59	-0.15301
6.6	-0.14514
6.61	-0.12775
6.62	-0.10466
6.63	-0.08093
6.64	-0.05989
6.65	-0.04156
6.66	-0.024
6.67	-0.00593
6.68	0.01179
6.69	0.027
6.7	0.03778
6.71	0.04302
6.72	0.04187
6.73	0.03364
6.74	0.01883
6.75	2.5E-4
6.76	-0.0174
6.77	-0.02982
6.78	-0.03537
6.79	-0.03558
6.8	-0.03381
6.81	-0.03349
6.82	-0.03714
6.83	-0.04599
6.84	-0.05957
6.85	-0.07549
6.86	-0.0899
6.87	-0.09904
6.88	-0.10083
6.89	-0.09546
6.9	-0.08473
6.91	-0.07123
6.92	-0.058
6.93	-0.0485
6.94	-0.0458
6.95	-0.051
6.96	-0.06214
6.97	-0.07478
6.98	-0.08412
6.99	-0.08702
7	-0.08259
7.01	-0.07164
7.02	-0.05604
7.03	-0.03861
7.04	-0.02294
7.05	-0.0123
7.06	-0.00805
7.07	-0.0089
7.08	-0.01186
7.09	-0.01424
7.1	-0.01497
7.11	-0.01431
7.12	-0.01258
7.13	-0.00915
7.14	-0.00252
7.15	0.00874
7.16	0.02509
7.17	0.04555
7.18	0.06784
7.19	0.08874
7.2	0.10489
7.21	0.11355
7.22	0.11315
7.23	0.10345
7.24	0.08546
7.25	0.06145
7.26	0.03493
7.27	0.01019
7.28	-0.00874
7.29	-0.01935
7.3	-0.02129
7.31	-0.01627
7.32	-0.00722
7.33	0.00262
7.34	0.01074
7.35	0.01622
7.36	0.0202
7.37	0.02527
7.38	0.03392
7.39	0.04698
7.4	0.06315
7.41	0.07994
7.42	0.095
7.43	0.10677
7.44	0.11429
7.45	0.11715
7.46	0.11588
7.47	0.11228
7.48	0.10905
7.49	0.10844
7.5	0.1113
7.51	0.1172
7.52	0.12539
7.53	0.13548
7.54	0.14727
7.55	0.16037
7.56	0.17432
7.57	0.18885
7.58	0.20375
7.59	0.2179
7.6	0.22853
7.61	0.23203
7.62	0.22583
7.63	0.21007
7.64	0.18752
7.65	0.16206
7.66	0.13728
7.67	0.11599
7.68	0.10044
7.69	0.09218
7.7	0.09139
7.71	0.09653
7.72	0.1049
7.73	0.11377
7.74	0.12128
7.75	0.12654
7.76	0.12924
7.77	0.12945
7.78	0.12755
7.79	0.12404
7.8	0.11909
7.81	0.11233
7.82	0.10324
7.83	0.09188
7.84	0.07935
7.85	0.06767
7.86	0.05916
7.87	0.05599
7.88	0.05966
7.89	0.07057
7.9	0.08743
7.91	0.10722
7.92	0.12581
7.93	0.13944
7.94	0.14597
7.95	0.14532
7.96	0.13874
7.97	0.12749
7.98	0.11188
7.99	0.09165
8	0.06754
8.01	0.04273
8.02	0.02257
8.03	0.01228
8.04	0.01394
8.05	0.02554
8.06	0.04292
8.07	0.06304
8.08	0.08552
8.09	0.11103
8.1	0.13822
8.11	0.16245
8.12	0.17756
8.13	0.17923
8.14	0.16695
8.15	0.14352
8.16	0.11339
8.17	0.0816
8.18	0.05342
8.19	0.03344
8.2	0.024
8.21	0.02391
8.22	0.02907
8.23	0.03471
8.24	0.03753
8.25	0.03627
8.26	0.03101
8.27	0.02266
8.28	0.01294
8.29	0.00426
8.3	-0.00121
8.31	-0.00254
8.32	3.4E-4
8.33	0.00794
8.34	0.02192
8.35	0.04341
8.36	0.07019
8.37	0.09573
8.38	0.11178
8.39	0.11286
8.4	0.09905
8.41	0.07491
8.42	0.04621
8.43	0.01771
8.44	-0.00675
8.45	-0.02291
8.46	-0.02628
8.47	-0.01382
8.48	0.01442
8.49	0.05539
8.5	0.10431
8.51	0.15557
8.52	0.20253
8.53	0.23785
8.54	0.25562
8.55	0.25459
8.56	0.23947
8.57	0.21855
8.58	0.19876
8.59	0.1822
8.6	0.16665
8.61	0.14921
8.62	0.12952
8.63	0.10994
8.64	0.0933
8.65	0.08083
8.66	0.07198
8.67	0.06569
8.68	0.06115
8.69	0.05759
8.7	0.05365
8.71	0.04758
8.72	0.03805
8.73	0.0247
8.74	0.00799
8.75	-0.0112
8.76	-0.03126
8.77	-0.04918
8.78	-0.06066
8.79	-0.0616
8.8	-0.0502
8.81	-0.02835
8.82	-0.00115
8.83	0.02491
8.84	0.04404
8.85	0.05269
8.86	0.05029
8.87	0.03905
8.88	0.02284
8.89	0.0056
8.9	-0.00996
8.91	-0.0226
8.92	-0.03191
8.93	-0.03755
8.94	-0.03918
8.95	-0.03689
8.96	-0.03132
8.97	-0.02319
8.98	-0.01273
8.99	3.5E-4
9	0.0162
9.01	0.03416
9.02	0.05263
9.03	0.06931
9.04	0.08171
9.05	0.08751
9.06	0.08519
9.07	0.07459
9.08	0.05716
9.09	0.03569
9.1	0.01367
9.11	-0.00534
9.12	-0.01817
9.13	-0.02264
9.14	-0.01826
9.15	-0.0063
9.16	0.01093
9.17	0.03124
9.18	0.05279
9.19	0.07326
9.2	0.08898
9.21	0.09552
9.22	0.08966
9.23	0.07102
9.24	0.04217
9.25	0.00749
9.26	-0.02773
9.27	-0.05754
9.28	-0.07608
9.29	-0.0797
9.3	-0.0692
9.31	-0.04962
9.32	-0.02705
9.33	-0.00504
9.34	0.01585
9.35	0.03509
9.36	0.04972
9.37	0.05552
9.38	0.05121
9.39	0.04085
9.4	0.03143
9.41	0.02771
9.42	0.02939
9.43	0.03312
9.44	0.03677
9.45	0.04101
9.46	0.04717
9.47	0.05444
9.48	0.06015
9.49	0.06266
9.5	0.06329
9.51	0.06481
9.52	0.06813
9.53	0.07091
9.54	0.06953
9.55	0.06218
9.56	0.04994
9.57	0.0354
9.58	0.02105
9.59	0.00887
9.6	8.7E-4
9.61	-0.00115
9.62	0.00331
9.63	0.01291
9.64	0.02526
9.65	0.03823
9.66	0.05011
9.67	0.05873
9.68	0.06139
9.69	0.05654
9.7	0.04577
9.71	0.03388
9.72	0.02611
9.73	0.02517
9.74	0.03039
9.75	0.03946
9.76	0.05037
9.77	0.06162
9.78	0.07141
9.79	0.07748
9.8	0.07854
9.81	0.07549
9.82	0.07079
9.83	0.06619
9.84	0.06137
9.85	0.0547
9.86	0.04553
9.87	0.03563
9.88	0.02863
9.89	0.02837
9.9	0.03755
9.91	0.05696
9.92	0.08486
9.93	0.11665
9.94	0.14544
9.95	0.16422
9.96	0.16837
9.97	0.157
9.98	0.13249
9.99	0.09945
10	0.06387
10.01	0.03267
10.02	0.01213
10.03	0.0055
10.04	0.01153
10.05	0.02537
10.06	0.04155
10.07	0.05656
10.08	0.06931
10.09	0.07982
10.1	0.08803
10.11	0.09375
10.12	0.09718
10.13	0.09887
10.14	0.09943
10.15	0.09952
10.16	0.10022
10.17	0.10261
10.18	0.1065
10.19	0.10937
10.2	0.10744
10.21	0.09836
10.22	0.08343
10.23	0.06719
10.24	0.05487
10.25	0.05
10.26	0.05368
10.27	0.0648
10.28	0.08024
10.29	0.09526
10.3	0.10513
10.31	0.10753
10.32	0.10359
10.33	0.0961
10.34	0.08669
10.35	0.07516
10.36	0.06189
10.37	0.05013
10.38	0.045
10.39	0.04938
10.4	0.06124
10.41	0.07508
10.42	0.08597
10.43	0.09167
10.44	0.09156
10.45	0.08533
10.46	0.07396
10.47	0.06166
10.48	0.05452
10.49	0.05555
10.5	0.06093
10.51	0.06266
10.52	0.05596
10.53	0.04389
10.54	0.03417
10.55	0.03146
10.56	0.03356
10.57	0.03506
10.58	0.03377
10.59	0.03243
10.6	0.03434
10.61	0.03883
10.62	0.04151
10.63	0.03832
10.64	0.02798
10.65	0.01058
10.66	-0.01426
10.67	-0.04603
10.68	-0.08012
10.69	-0.10754
10.7	-0.11924
10.71	-0.11136
10.72	-0.08635
10.73	-0.05002
10.74	-0.00857
10.75	0.03156
10.76	0.06298
10.77	0.07898
10.78	0.07697
10.79	0.06019
10.8	0.03596
10.81	0.01286
10.82	-4.8E-4
10.83	0.00377
10.84	0.02912
10.85	0.06994
10.86	0.11169
10.87	0.13981
10.88	0.15107
10.89	0.15598
10.9	0.1681
10.91	0.19016
10.92	0.21114
10.93	0.21729
10.94	0.20533
10.95	0.184
10.96	0.16378
10.97	0.14714
10.98	0.12958
10.99	0.10805
11	0.08534
11.01	0.06536
11.02	0.04661
11.03	0.02263
11.04	-0.01111
11.05	-0.05258
11.06	-0.09591
11.07	-0.13663
11.08	-0.17183
11.09	-0.19592
11.1	-0.19987
11.11	-0.17818
11.12	-0.13631
11.13	-0.08865
11.14	-0.0471
11.15	-0.01229
11.16	0.02298
11.17	0.06192
11.18	0.09745
11.19	0.11849
11.2	0.12103
11.21	0.11111
11.22	0.09715
11.23	0.08139
11.24	0.0606
11.25	0.03363
11.26	0.00579
11.27	-0.01536
11.28	-0.02679
11.29	-0.03099
11.3	-0.03068
11.31	-0.02531
11.32	-0.01381
11.33	2E-4
11.34	0.00884
11.35	0.00631
11.36	-0.00586
11.37	-0.02071
11.38	-0.03232
11.39	-0.03928
11.4	-0.04256
11.41	-0.04224
11.42	-0.03804
11.43	-0.03209
11.44	-0.02876
11.45	-0.03085
11.46	-0.03705
11.47	-0.04482
11.48	-0.05507
11.49	-0.07178
11.5	-0.09551
11.51	-0.11838
11.52	-0.12802
11.53	-0.11766
11.54	-0.09226
11.55	-0.06446
11.56	-0.04498
11.57	-0.03748
11.58	-0.04093
11.59	-0.05375
11.6	-0.0736
11.61	-0.09441
11.62	-0.10725
11.63	-0.1065
11.64	-0.09475
11.65	-0.08007
11.66	-0.06791
11.67	-0.05671
11.68	-0.0421
11.69	-0.02407
11.7	-0.00833
11.71	-4.4E-4
11.72	7E-5
11.73	-0.00161
11.74	-0.00194
11.75	-0.00265
11.76	-0.00797
11.77	-0.01975
11.78	-0.03664
11.79	-0.05734
11.8	-0.08235
11.81	-0.11115
11.82	-0.13904
11.83	-0.1589
11.84	-0.16733
11.85	-0.16822
11.86	-0.16933
11.87	-0.17513
11.88	-0.1834
11.89	-0.18857
11.9	-0.18708
11.91	-0.17892
11.92	-0.16518
11.93	-0.14591
11.94	-0.12136
11.95	-0.09424
11.96	-0.06922
11.97	-0.04998
11.98	-0.03735
11.99	-0.03071
12	-0.03031
12.01	-0.03739
12.02	-0.05194
12.03	-0.07187
12.04	-0.09476
12.05	-0.12005
12.06	-0.14815
12.07	-0.1774
12.08	-0.20304
12.09	-0.22018
12.1	-0.22795
12.11	-0.22967
12.12	-0.22898
12.13	-0.22604
12.14	-0.21845
12.15	-0.20513
12.16	-0.18862
12.17	-0.17304
12.18	-0.16056
12.19	-0.15038
12.2	-0.14081
12.21	-0.13105
12.22	-0.12066
12.23	-0.10825
12.24	-0.09227
12.25	-0.07381
12.26	-0.05763
12.27	-0.04946
12.28	-0.05164
12.29	-0.06163
12.3	-0.07494
12.31	-0.08935
12.32	-0.10613
12.33	-0.12759
12.34	-0.15405
12.35	-0.18317
12.36	-0.21151
12.37	-0.23606
12.38	-0.25452
12.39	-0.26513
12.4	-0.26726
12.41	-0.26226
12.42	-0.25326
12.43	-0.24363
12.44	-0.23516
12.45	-0.22792
12.46	-0.22165
12.47	-0.21748
12.48	-0.21812
12.49	-0.22619
12.5	-0.2418
12.51	-0.26143
12.52	-0.27928
12.53	-0.29047
12.54	-0.29353
12.55	-0.28996
12.56	-0.28137
12.57	-0.26713
12.58	-0.24553
12.59	-0.21729
12.6	-0.18742
12.61	-0.16232
12.62	-0.14426
12.63	-0.12909
12.64	-0.11011
12.65	-0.08492
12.66	-0.05833
12.67	-0.03847
12.68	-0.02998
12.69	-0.0312
12.7	-0.03737
12.71	-0.04568
12.72	-0.05658
12.73	-0.07054
12.74	-0.08481
12.75	-0.09415
12.76	-0.09481
12.77	-0.08742
12.78	-0.07604
12.79	-0.06517
12.8	-0.05761
12.81	-0.05483
12.82	-0.05779
12.83	-0.06659
12.84	-0.07928
12.85	-0.09166
12.86	-0.0991
12.87	-0.09919
12.88	-0.09314
12.89	-0.08509
12.9	-0.0799
12.91	-0.08106
12.92	-0.08947
12.93	-0.10325
12.94	-0.11851
12.95	-0.13048
12.96	-0.13488
12.97	-0.12916
12.98	-0.11338
12.99	-0.09038
13	-0.0649
13.01	-0.04199
13.02	-0.02534
13.03	-0.01679
13.04	-0.01677
13.05	-0.02483
13.06	-0.03923
13.07	-0.05622
13.08	-0.07062
13.09	-0.07831
13.1	-0.07882
13.11	-0.07554
13.12	-0.07288
13.13	-0.07272
13.14	-0.07348
13.15	-0.0721
13.16	-0.0669
13.17	-0.05862
13.18	-0.04916
13.19	-0.04
13.2	-0.03142
13.21	-0.02285
13.22	-0.01335
13.23	-0.00214
13.24	0.01059
13.25	0.02326
13.26	0.03356
13.27	0.04038
13.28	0.045
13.29	0.05017
13.3	0.0576
13.31	0.0666
13.32	0.07534
13.33	0.08317
13.34	0.0912
13.35	0.10038
13.36	0.10956
13.37	0.11591
13.38	0.11741
13.39	0.11437
13.4	0.10859
13.41	0.10156
13.42	0.09413
13.43	0.08784
13.44	0.08549
13.45	0.08936
13.46	0.09887
13.47	0.11065
13.48	0.12151
13.49	0.13136
13.5	0.14299
13.51	0.15893
13.52	0.17886
13.53	0.19997
13.54	0.21933
13.55	0.2357
13.56	0.24911
13.57	0.25957
13.58	0.26647
13.59	0.26888
13.6	0.26606
13.61	0.25767
13.62	0.24416
13.63	0.22741
13.64	0.21087
13.65	0.19826
13.66	0.19184
13.67	0.19146
13.68	0.19532
13.69	0.20116
13.7	0.20663
13.71	0.20898
13.72	0.20527
13.73	0.19358
13.74	0.17423
13.75	0.1497
13.76	0.12348
13.77	0.09899
13.78	0.07919
13.79	0.06602
13.8	0.05939
13.81	0.05664
13.82	0.05401
13.83	0.0494
13.84	0.04416
13.85	0.04186
13.86	0.04528
13.87	0.05461
13.88	0.06844
13.89	0.08565
13.9	0.10559
13.91	0.1265
13.92	0.14456
13.93	0.15562
13.94	0.158
13.95	0.15339
13.96	0.14489
13.97	0.13451
13.98	0.12278
13.99	0.1104
14	0.09931
14.01	0.09139
14.02	0.08612
14.03	0.08007
14.04	0.06918
14.05	0.05226
14.06	0.03261
14.07	0.01681
14.08	0.01123
14.09	0.01841
14.1	0.03515
14.11	0.05393
14.12	0.06715
14.13	0.07174
14.14	0.0704
14.15	0.06818
14.16	0.06724
14.17	0.06482
14.18	0.05661
14.19	0.0421
14.2	0.02645
14.21	0.01684
14.22	0.01709
14.23	0.02588
14.24	0.03955
14.25	0.05583
14.26	0.07442
14.27	0.09477
14.28	0.11463
14.29	0.13135
14.3	0.144
14.31	0.15342
14.32	0.15978
14.33	0.16079
14.34	0.15283
14.35	0.1341
14.36	0.10632
14.37	0.07345
14.38	0.03925
14.39	0.00635
14.4	-0.02269
14.41	-0.04434
14.42	-0.05504
14.43	-0.05331
14.44	-0.041
14.45	-0.02237
14.46	-0.00201
14.47	0.01664
14.48	0.03146
14.49	0.04109
14.5	0.04455
14.51	0.04113
14.52	0.03049
14.53	0.01302
14.54	-0.00953
14.55	-0.03357
14.56	-0.05399
14.57	-0.06598
14.58	-0.06721
14.59	-0.05899
14.6	-0.04508
14.61	-0.02912
14.62	-0.01238
14.63	0.00609
14.64	0.02713
14.65	0.04863
14.66	0.06491
14.67	0.06918
14.68	0.05768
14.69	0.03241
14.7	4.1E-4
14.71	-0.02993
14.72	-0.05301
14.73	-0.06785
14.74	-0.07718
14.75	-0.08496
14.76	-0.09428
14.77	-0.10608
14.78	-0.11898
14.79	-0.12991
14.8	-0.13557
14.81	-0.13409
14.82	-0.12598
14.83	-0.11345
14.84	-0.09892
14.85	-0.08416
14.86	-0.07071
14.87	-0.06101
14.88	-0.05832
14.89	-0.06512
14.9	-0.08099
14.91	-0.10191
14.92	-0.12168
14.93	-0.13447
14.94	-0.137
14.95	-0.12907
14.96	-0.11293
14.97	-0.09196
14.98	-0.0697
14.99	-0.04915
15	-0.03258
15.01	-0.02125
15.02	-0.01514
15.03	-0.01293
15.04	-0.01261
15.05	-0.01278
15.06	-0.01371
15.07	-0.01718
15.08	-0.02497
15.09	-0.03708
15.1	-0.05108
15.11	-0.06291
15.12	-0.06842
15.13	-0.06453
15.14	-0.05005
15.15	-0.02638
15.16	0.00191
15.17	0.02775
15.18	0.04363
15.19	0.04452
15.2	0.02956
15.21	0.00184
15.22	-0.03324
15.23	-0.06946
15.24	-0.10055
15.25	-0.12073
15.26	-0.12577
15.27	-0.11448
15.28	-0.08957
15.29	-0.05709
15.3	-0.02447
15.31	0.00221
15.32	0.02052
15.33	0.03238
15.34	0.04239
15.35	0.0545
15.36	0.06903
15.37	0.08234
15.38	0.08939
15.39	0.08689
15.4	0.07473
15.41	0.05496
15.42	0.0304
15.43	0.00446
15.44	-0.01847
15.45	-0.03382
15.46	-0.03911
15.47	-0.0358
15.48	-0.02817
15.49	-0.02005
15.5	-0.01253
15.51	-0.00467
15.52	0.00379
15.53	0.01121
15.54	0.01548
15.55	0.01636
15.56	0.01568
15.57	0.01524
15.58	0.01469
15.59	0.01177
15.6	0.00445
15.61	-0.00712
15.62	-0.02029
15.63	-0.03078
15.64	-0.03401
15.65	-0.02672
15.66	-0.00891
15.67	0.01512
15.68	0.03834
15.69	0.05481
15.7	0.06308
15.71	0.06603
15.72	0.06746
15.73	0.06873
15.74	0.06852
15.75	0.06507
15.76	0.05791
15.77	0.04729
15.78	0.03289
15.79	0.01421
15.8	-0.00738
15.81	-0.0278
15.82	-0.04215
15.83	-0.04789
15.84	-0.04593
15.85	-0.03865
15.86	-0.0273
15.87	-0.0118
15.88	0.00709
15.89	0.02616
15.9	0.04097
15.91	0.04881
15.92	0.05017
15.93	0.0476
15.94	0.04319
15.95	0.03737
15.96	0.02945
15.97	0.01883
15.98	0.00557
15.99	-0.00945
16	-0.02417
16.01	-0.03514
16.02	-0.03846
16.03	-0.03198
16.04	-0.01703
16.05	0.00215
16.06	0.02084
16.07	0.03616
16.08	0.04743
16.09	0.0548
16.1	0.05825
16.11	0.05768
16.12	0.0538
16.13	0.04811
16.14	0.04203
16.15	0.03594
16.16	0.0294
16.17	0.02205
16.18	0.01427
16.19	0.0071
16.2	0.00157
16.21	-0.00165
16.22	-0.00229
16.23	-4.5E-4
16.24	0.00336
16.25	0.00815
16.26	0.01269
16.27	0.01584
16.28	0.01666
16.29	0.01457
16.3	0.00952
16.31	0.00236
16.32	-0.00521
16.33	-0.01137
16.34	-0.01489
16.35	-0.01523
16.36	-0.01198
16.37	-0.00453
16.38	0.00718
16.39	0.02129
16.4	0.03382
16.41	0.04051
16.42	0.03951
16.43	0.03257
16.44	0.02355
16.45	0.0153
16.46	0.00791
16.47	-6.2E-4
16.48	-0.01203
16.49	-0.0262
16.5	-0.04148
16.51	-0.05601
16.52	-0.06871
16.53	-0.07901
16.54	-0.08617
16.55	-0.08898
16.56	-0.08613
16.57	-0.07693
16.58	-0.06204
16.59	-0.04376
16.6	-0.02576
16.61	-0.01185
16.62	-0.00446
16.63	-0.00364
16.64	-0.00769
16.65	-0.01472
16.66	-0.0238
16.67	-0.03449
16.68	-0.04544
16.69	-0.0539
16.7	-0.05695
16.71	-0.05346
16.72	-0.04467
16.73	-0.03298
16.74	-0.02041
16.75	-0.00844
16.76	9.1E-4
16.77	0.00458
16.78	-2E-4
16.79	-0.01372
16.8	-0.03306
16.81	-0.05406
16.82	-0.07401
16.83	-0.09277
16.84	-0.111
16.85	-0.1277
16.86	-0.13944
16.87	-0.14253
16.88	-0.13611
16.89	-0.12345
16.9	-0.11014
16.91	-0.1006
16.92	-0.09533
16.93	-0.09108
16.94	-0.08355
16.95	-0.07069
16.96	-0.05419
16.97	-0.03824
16.98	-0.02693
16.99	-0.02215
17	-0.02348
17.01	-0.02944
17.02	-0.03856
17.03	-0.04948
17.04	-0.06053
17.05	-0.06988
17.06	-0.07626
17.07	-0.07956
17.08	-0.08035
17.09	-0.079
17.1	-0.07542
17.11	-0.06978
17.12	-0.06338
17.13	-0.05821
17.14	-0.05557
17.15	-0.05511
17.16	-0.05541
17.17	-0.05548
17.18	-0.05584
17.19	-0.05801
17.2	-0.0633
17.21	-0.07171
17.22	-0.0819
17.23	-0.09163
17.24	-0.09846
17.25	-0.10068
17.26	-0.09818
17.27	-0.09276
17.28	-0.0871
17.29	-0.08304
17.3	-0.08048
17.31	-0.07796
17.32	-0.07443
17.33	-0.07037
17.34	-0.06733
17.35	-0.06647
17.36	-0.06778
17.37	-0.07057
17.38	-0.0744
17.39	-0.07931
17.4	-0.08521
17.41	-0.09133
17.42	-0.09628
17.43	-0.09878
17.44	-0.09813
17.45	-0.09425
17.46	-0.08754
17.47	-0.07886
17.48	-0.06942
17.49	-0.06053
17.5	-0.0533
17.51	-0.04846
17.52	-0.04643
17.53	-0.04718
17.54	-0.04992
17.55	-0.05314
17.56	-0.05535
17.57	-0.0559
17.58	-0.05525
17.59	-0.05407
17.6	-0.05231
17.61	-0.04913
17.62	-0.04391
17.63	-0.03703
17.64	-0.02951
17.65	-0.02195
17.66	-0.01408
17.67	-0.00546
17.68	0.0035
17.69	0.01149
17.7	0.01731
17.71	0.02074
17.72	0.02234
17.73	0.02242
17.74	0.02055
17.75	0.01606
17.76	0.00892
17.77	1.7E-4
17.78	-0.00843
17.79	-0.0151
17.8	-0.01837
17.81	-0.0175
17.82	-0.01287
17.83	-0.00621
17.84	-7E-5
17.85	0.00332
17.86	0.0029
17.87	-0.00135
17.88	-0.00902
17.89	-0.01944
17.9	-0.03125
17.91	-0.04181
17.92	-0.04768
17.93	-0.04609
17.94	-0.03614
17.95	-0.01914
17.96	0.0022
17.97	0.0246
17.98	0.04494
17.99	0.06065
18	0.07037
18.01	0.07445
18.02	0.07474
18.03	0.07357
18.04	0.07257
18.05	0.07207
18.06	0.07132
18.07	0.06914
18.08	0.06451
18.09	0.05691
18.1	0.04649
18.11	0.03401
18.12	0.02056
18.13	0.00728
18.14	-0.00492
18.15	-0.01525
18.16	-0.02303
18.17	-0.02783
18.18	-0.02967
18.19	-0.02894
18.2	-0.02616
18.21	-0.02157
18.22	-0.0152
18.23	-0.00709
18.24	0.00244
18.25	0.01249
18.26	0.0215
18.27	0.02751
18.28	0.02915
18.29	0.02694
18.3	0.02373
18.31	0.0235
18.32	0.02871
18.33	0.03858
18.34	0.04971
18.35	0.05885
18.36	0.06502
18.37	0.06921
18.38	0.07221
18.39	0.07312
18.4	0.07013
18.41	0.06278
18.42	0.053
18.43	0.04398
18.44	0.03806
18.45	0.03586
18.46	0.03712
18.47	0.04151
18.48	0.04855
18.49	0.05662
18.5	0.06296
18.51	0.06493
18.52	0.06157
18.53	0.05401
18.54	0.0446
18.55	0.03584
18.56	0.02997
18.57	0.02885
18.58	0.03335
18.59	0.04246
18.6	0.05333
18.61	0.06265
18.62	0.06851
18.63	0.07121
18.64	0.07237
18.65	0.0734
18.66	0.0748
18.67	0.07643
18.68	0.0782
18.69	0.08016
18.7	0.08202
18.71	0.08279
18.72	0.08076
18.73	0.07406
18.74	0.06134
18.75	0.0425
18.76	0.01909
18.77	-0.00591
18.78	-0.02899
18.79	-0.04727
18.8	-0.05909
18.81	-0.06374
18.82	-0.0612
18.83	-0.05218
18.84	-0.03849
18.85	-0.02286
18.86	-0.0078
18.87	0.00545
18.88	0.01699
18.89	0.02714
18.9	0.03539
18.91	0.04057
18.92	0.04206
18.93	0.04065
18.94	0.03814
18.95	0.03609
18.96	0.03493
18.97	0.03421
18.98	0.03326
18.99	0.03176
19	0.02978
19.01	0.02781
19.02	0.02689
19.03	0.02838
19.04	0.03305
19.05	0.04016
19.06	0.04744
19.07	0.05214
19.08	0.05259
19.09	0.04868
19.1	0.04145
19.11	0.0322
19.12	0.02215
19.13	0.01268
19.14	0.00522
19.15	7.3E-4
19.16	-0.00116
19.17	-0.00206
19.18	-0.00384
19.19	-0.0072
19.2	-0.01104
19.21	-0.01308
19.22	-0.01149
19.23	-0.00623
19.24	9.8E-4
19.25	0.00799
19.26	0.01372
19.27	0.01864
19.28	0.02354
19.29	0.02805
19.3	0.03041
19.31	0.02887
19.32	0.02349
19.33	0.01656
19.34	0.01106
19.35	0.00875
19.36	0.00959
19.37	0.01254
19.38	0.01666
19.39	0.02118
19.4	0.02495
19.41	0.02645
19.42	0.02475
19.43	0.02049
19.44	0.01549
19.45	0.01122
19.46	0.00759
19.47	0.00338
19.48	-0.00228
19.49	-0.00886
19.5	-0.01483
19.51	-0.0189
19.52	-0.0208
19.53	-0.02106
19.54	-0.02025
19.55	-0.01858
19.56	-0.01603
19.57	-0.0128
19.58	-0.00948
19.59	-0.00683
19.6	-0.00533
19.61	-0.00475
19.62	-0.00399
19.63	-0.0017
19.64	0.00274
19.65	0.00861
19.66	0.01414
19.67	0.0176
19.68	0.01811
19.69	0.01568
19.7	0.01077
19.71	0.00426
19.72	-0.00228
19.73	-0.0068
19.74	-0.00812
19.75	-0.00717
19.76	-0.00658
19.77	-0.00843
19.78	-0.01222
19.79	-0.01535
19.8	-0.01585
19.81	-0.01464
19.82	-0.01504
19.83	-0.01988
19.84	-0.02909
19.85	-0.03996
19.86	-0.04922
19.87	-0.0547
19.88	-0.05533
19.89	-0.0504
19.9	-0.0396
19.91	-0.02377
19.92	-0.00525
19.93	0.01298
19.94	0.02857
19.95	0.04017
19.96	0.04701
19.97	0.04851
19.98	0.04472
19.99	0.03677
20	0.02653
20.01	0.01563
20.02	0.00479
20.03	-0.00566
20.04	-0.0151
20.05	-0.02257
20.06	-0.02746
20.07	-0.02996
20.08	-0.03059
20.09	-0.02956
20.1	-0.02696
20.11	-0.02334
20.12	-0.01993
20.13	-0.01769
20.14	-0.01637
20.15	-0.01489
20.16	-0.01278
20.17	-0.01113
20.18	-0.0117
20.19	-0.01511
20.2	-0.02007
20.21	-0.02461
20.22	-0.02776
20.23	-0.02991
20.24	-0.03157
20.25	-0.03221
20.26	-0.03045
20.27	-0.02545
20.28	-0.01784
20.29	-0.00927
20.3	-0.00136
20.31	0.00497
20.32	0.00945
20.33	0.01223
20.34	0.01399
20.35	0.01575
20.36	0.0182
20.37	0.02093
20.38	0.02249
20.39	0.02136
20.4	0.01723
20.41	0.01126
20.42	0.00527
20.43	6.6E-4
20.44	-0.00224
20.45	-0.00405
20.46	-0.00578
20.47	-0.00814
20.48	-0.01096
20.49	-0.01312
20.5	-0.01325
20.51	-0.01093
20.52	-0.0071
20.53	-0.00339
20.54	-7.1E-4
20.55	0.00134
20.56	0.00371
20.57	0.00658
20.58	0.00912
20.59	0.0104
20.6	0.01051
20.61	0.01043
20.62	0.01091
20.63	0.01163
20.64	0.01157
20.65	0.01002
20.66	0.00699
20.67	0.00283
20.68	-0.00231
20.69	-0.00832
20.7	-0.01451
20.71	-0.01945
20.72	-0.02172
20.73	-0.0208
20.74	-0.01726
20.75	-0.01217
20.76	-0.00641
20.77	-6.2E-4
20.78	0.00475
20.79	0.0094
20.8	0.01356
20.81	0.01792
20.82	0.02321
20.83	0.02952
20.84	0.03633
20.85	0.04287
20.86	0.0486
20.87	0.0531
20.88	0.05587
20.89	0.05645
20.9	0.05494
20.91	0.05236
20.92	0.0502
20.93	0.0496
20.94	0.0507
20.95	0.0528
20.96	0.05493
20.97	0.05639
20.98	0.05665
20.99	0.0552
21	0.05148
21.01	0.04519
21.02	0.03661
21.03	0.02671
21.04	0.01681
21.05	0.00807
21.06	9.1E-4
21.07	-0.00528
21.08	-0.01187
21.09	-0.02002
21.1	-0.02963
21.11	-0.03886
21.12	-0.04465
21.13	-0.04443
21.14	-0.03774
21.15	-0.02683
21.16	-0.01573
21.17	-0.00811
21.18	-0.00535
21.19	-0.00594
21.2	-0.00662
21.21	-0.00448
21.22	0.00125
21.23	0.0089
21.24	0.0156
21.25	0.01916
21.26	0.01952
21.27	0.01884
21.28	0.02007
21.29	0.02508
21.3	0.03327
21.31	0.04183
21.32	0.04734
21.33	0.04774
21.34	0.04328
21.35	0.03589
21.36	0.02777
21.37	0.02041
21.38	0.01456
21.39	0.01068
21.4	0.00902
21.41	0.00921
21.42	0.01016
21.43	0.01067
21.44	0.01043
21.45	0.01018
21.46	0.01067
21.47	0.0115
21.48	0.01109
21.49	0.00806
21.5	0.00291
21.51	-0.00189
21.52	-0.00348
21.53	-6.8E-4
21.54	0.00521
21.55	0.01129
21.56	0.01496
21.57	0.01523
21.58	0.01282
21.59	0.00922
21.6	0.00569
21.61	0.00282
21.62	7.7E-4
21.63	-2.2E-4
21.64	2E-4
21.65	0.00202
21.66	0.00443
21.67	0.00598
21.68	0.00554
21.69	0.00314
21.7	-1E-4
21.71	-0.00291
21.72	-0.0048
21.73	-0.00601
21.74	-0.00663
21.75	-0.00613
21.76	-0.00387
21.77	-2.5E-4
21.78	0.00305
21.79	0.0041
21.8	0.00236
21.81	-8.4E-4
21.82	-0.00319
21.83	-0.00307
21.84	-3.5E-4
21.85	0.0039
21.86	0.00838
21.87	0.01208
21.88	0.01433
21.89	0.01463
21.9	0.01272
21.91	0.00891
21.92	0.00412
21.93	-3.7E-4
21.94	-0.00351
21.95	-0.00497
21.96	-0.00523
21.97	-0.00532
21.98	-0.00626
21.99	-0.0085
22	-0.01182
22.01	-0.01567
22.02	-0.01966
22.03	-0.02379
22.04	-0.02821
22.05	-0.03284
22.06	-0.03713
22.07	-0.04021
22.08	-0.04133
22.09	-0.04039
22.1	-0.03829
22.11	-0.03691
22.12	-0.03816
22.13	-0.04277
22.14	-0.04941
22.15	-0.05524
22.16	-0.05766
22.17	-0.05602
22.18	-0.05179
22.19	-0.0471
22.2	-0.04303
22.21	-0.0392
22.22	-0.03478
22.23	-0.02955
22.24	-0.02409
22.25	-0.01898
22.26	-0.01433
22.27	-0.01015
22.28	-0.00692
22.29	-0.00552
22.3	-0.00636
22.31	-0.00872
22.32	-0.01119
22.33	-0.01271
22.34	-0.01324
22.35	-0.01338
22.36	-0.0136
22.37	-0.01386
22.38	-0.01412
22.39	-0.01495
22.4	-0.01741
22.41	-0.02228
22.42	-0.02913
22.43	-0.03612
22.44	-0.04081
22.45	-0.04151
22.46	-0.03844
22.47	-0.03373
22.48	-0.03031
22.49	-0.03016
22.5	-0.03328
22.51	-0.03814
22.52	-0.04292
22.53	-0.04652
22.54	-0.04831
22.55	-0.04731
22.56	-0.04216
22.57	-0.03224
22.58	-0.01886
22.59	-0.00513
22.6	0.00584
22.61	0.01272
22.62	0.01617
22.63	0.01755
22.64	0.0176
22.65	0.01633
22.66	0.01393
22.67	0.01122
22.68	0.00908
22.69	0.00761
22.7	0.00619
22.71	0.00434
22.72	0.00245
22.73	0.0015
22.74	0.00202
22.75	0.00349
22.76	0.00478
22.77	0.00492
22.78	0.00362
22.79	0.00105
22.8	-0.00239
22.81	-0.00606
22.82	-0.00896
22.83	-0.0101
22.84	-0.00897
22.85	-0.00593
22.86	-0.00189
22.87	0.00218
22.88	0.00546
22.89	0.00708
22.9	0.00615
22.91	0.00203
22.92	-0.00509
22.93	-0.0142
22.94	-0.02394
22.95	-0.03332
22.96	-0.04194
22.97	-0.04979
22.98	-0.05695
22.99	-0.06341
23	-0.06896
23.01	-0.07301
23.02	-0.07464
23.03	-0.073
23.04	-0.06788
23.05	-0.06
23.06	-0.05055
23.07	-0.04059
23.08	-0.03068
23.09	-0.02123
23.1	-0.01279
23.11	-0.00598
23.12	-0.00103
23.13	0.00226
23.14	0.00417
23.15	0.00463
23.16	0.00341
23.17	7.6E-4
23.18	-0.00229
23.19	-0.00445
23.2	-0.00494
23.21	-0.00372
23.22	-0.00104
23.23	0.00309
23.24	0.00857
23.25	0.01459
23.26	0.01961
23.27	0.02225
23.28	0.02234
23.29	0.02086
23.3	0.01897
23.31	0.01708
23.32	0.01505
23.33	0.01302
23.34	0.01176
23.35	0.01193
23.36	0.01308
23.37	0.01369
23.38	0.0122
23.39	0.00819
23.4	0.00257
23.41	-0.00313
23.42	-0.00742
23.43	-0.00916
23.44	-0.00769
23.45	-0.00333
23.46	0.00226
23.47	0.00656
23.48	0.00755
23.49	0.005
23.5	4.3E-4
23.51	-0.00398
23.52	-0.00669
23.53	-0.00703
23.54	-0.0048
23.55	2E-5
23.56	0.007
23.57	0.01497
23.58	0.02236
23.59	0.02798
23.6	0.03154
23.61	0.03337
23.62	0.03395
23.63	0.03378
23.64	0.03357
23.65	0.03426
23.66	0.03633
23.67	0.03913
23.68	0.04115
23.69	0.04119
23.7	0.03937
23.71	0.03699
23.72	0.03534
23.73	0.03454
23.74	0.03372
23.75	0.03205
23.76	0.02973
23.77	0.02782
23.78	0.02731
23.79	0.02828
23.8	0.03002
23.81	0.03169
23.82	0.03297
23.83	0.03394
23.84	0.03448
23.85	0.03396
23.86	0.03153
23.87	0.0268
23.88	0.02042
23.89	0.01378
23.9	0.00837
23.91	0.0051
23.92	0.00417
23.93	0.00525
23.94	0.00764
23.95	0.01031
23.96	0.01187
23.97	0.01103
23.98	0.00718
23.99	7.8E-4
24	-0.00695
24.01	-0.01467
24.02	-0.02131
24.03	-0.02598
24.04	-0.02777
24.05	-0.02596
24.06	-0.0206
24.07	-0.01281
24.08	-0.00443
24.09	0.00281
24.1	0.0081
24.11	0.01157
24.12	0.01404
24.13	0.01664
24.14	0.02047
24.15	0.02626
24.16	0.03401
24.17	0.04281
24.18	0.0513
24.19	0.05822
24.2	0.06285
24.21	0.06492
24.22	0.06437
24.23	0.0613
24.24	0.0563
24.25	0.05055
24.26	0.04559
24.27	0.0425
24.28	0.04131
24.29	0.04094
24.3	0.03987
24.31	0.03707
24.32	0.03268
24.33	0.02798
24.34	0.02461
24.35	0.02363
24.36	0.02492
24.37	0.02747
24.38	0.02998
24.39	0.03114
24.4	0.02959
24.41	0.02419
24.42	0.01511
24.43	0.00486
24.44	-0.00221
24.45	-0.00243
24.46	0.00412
24.47	0.01312
24.48	0.01884
24.49	0.01831
24.5	0.01322
24.51	0.00799
24.52	0.00608
24.53	0.00788
24.54	0.01168
24.55	0.01606
24.56	0.02081
24.57	0.02609
24.58	0.03117
24.59	0.03469
24.6	0.03593
24.61	0.03538
24.62	0.03386
24.63	0.03128
24.64	0.02681
24.65	0.0203
24.66	0.01336
24.67	0.00861
24.68	0.00762
24.69	0.00974
24.7	0.01283
24.71	0.01522
24.72	0.01676
24.73	0.01814
24.74	0.01948
24.75	0.01963
24.76	0.01693
24.77	0.01058
24.78	0.00132
24.79	-0.00901
24.8	-0.01848
24.81	-0.02583
24.82	-0.03069
24.83	-0.03338
24.84	-0.03466
24.85	-0.03552
24.86	-0.03692
24.87	-0.03951
24.88	-0.04339
24.89	-0.04806
24.9	-0.05253
24.91	-0.05566
24.92	-0.05643
24.93	-0.05427
24.94	-0.04943
24.95	-0.04313
24.96	-0.03721
24.97	-0.03328
24.98	-0.03167
24.99	-0.03101
25	-0.02905
25.01	-0.02407
25.02	-0.0161
25.03	-0.00686
25.04	0.00128
25.05	0.00653
25.06	0.00806
25.07	0.00586
25.08	5.4E-4
25.09	-0.00656
25.1	-0.01341
25.11	-0.01784
25.12	-0.01847
25.13	-0.01527
25.14	-0.00933
25.15	-0.00231
25.16	0.00405
25.17	0.00789
25.18	0.00759
25.19	0.00249
25.2	-0.00633
25.21	-0.01616
25.22	-0.02397
25.23	-0.02798
25.24	-0.02837
25.25	-0.02692
25.26	-0.0259
25.27	-0.02714
25.28	-0.03132
25.29	-0.03755
25.3	-0.0435
25.31	-0.04648
25.32	-0.0452
25.33	-0.04089
25.34	-0.03669
25.35	-0.03545
25.36	-0.03782
25.37	-0.04207
25.38	-0.04583
25.39	-0.04779
25.4	-0.04806
25.41	-0.04706
25.42	-0.04465
25.43	-0.04031
25.44	-0.03411
25.45	-0.02711
25.46	-0.02081
25.47	-0.01602
25.48	-0.01256
25.49	-0.00982
25.5	-0.00752
25.51	-0.0059
25.52	-0.00525
25.53	-0.00547
25.54	-0.00615
25.55	-0.00688
25.56	-0.00752
25.57	-0.00807
25.58	-0.00843
25.59	-0.00845
25.6	-0.00811
25.61	-0.00773
25.62	-0.00788
25.63	-0.00906
25.64	-0.01138
25.65	-0.01446
25.66	-0.01766
25.67	-0.02049
25.68	-0.02284
25.69	-0.0249
25.7	-0.02692
25.71	-0.02879
25.72	-0.03013
25.73	-0.03062
25.74	-0.03041
25.75	-0.03003
25.76	-0.02979
25.77	-0.02935
25.78	-0.02773
25.79	-0.0241
25.8	-0.01851
25.81	-0.01207
25.82	-0.00631
25.83	-0.0023
25.84	-1.5E-4
25.85	7.6E-4
25.86	0.00124
25.87	0.00177
25.88	0.00235
25.89	0.00273
25.9	0.00271
25.91	0.0023
25.92	0.00177
25.93	0.00143
25.94	0.00149
25.95	0.00204
25.96	0.00318
25.97	0.00514
25.98	0.0083
25.99	0.01294
26	0.01901
26.01	0.02612
26.02	0.03354
26.03	0.04022
26.04	0.04484
26.05	0.04608
26.06	0.04341
26.07	0.03764
26.08	0.03089
26.09	0.02545
26.1	0.02253
26.11	0.02176
26.12	0.02206
26.13	0.02278
26.14	0.02418
26.15	0.02668
26.16	0.02979
26.17	0.0321
26.18	0.03224
26.19	0.03009
26.2	0.02687
26.21	0.02426
26.22	0.0232
26.23	0.02358
26.24	0.02467
26.25	0.02556
26.26	0.02537
26.27	0.0232
26.28	0.01847
26.29	0.01137
26.3	0.003
26.31	-0.00502
26.32	-0.01125
26.33	-0.01476
26.34	-0.01507
26.35	-0.01192
26.36	-0.00536
26.37	0.00409
26.38	0.01546
26.39	0.02759
26.4	0.03944
26.41	0.05008
26.42	0.0586
26.43	0.06414
26.44	0.06621
26.45	0.06501
26.46	0.06127
26.47	0.05599
26.48	0.05016
26.49	0.04467
26.5	0.04021
26.51	0.03689
26.52	0.03409
26.53	0.03089
26.54	0.02701
26.55	0.02349
26.56	0.02227
26.57	0.02478
26.58	0.03071
26.59	0.03787
26.6	0.04345
26.61	0.04554
26.62	0.04383
26.63	0.03935
26.64	0.0336
26.65	0.02784
26.66	0.02291
26.67	0.01924
26.68	0.01713
26.69	0.01669
26.7	0.01778
26.71	0.0198
26.72	0.02181
26.73	0.023
26.74	0.02327
26.75	0.02351
26.76	0.02492
26.77	0.02814
26.78	0.03259
26.79	0.03697
26.8	0.0403
26.81	0.04259
26.82	0.04454
26.83	0.04669
26.84	0.04888
26.85	0.05048
26.86	0.05108
26.87	0.05075
26.88	0.04975
26.89	0.04811
26.9	0.04566
26.91	0.04226
26.92	0.03805
26.93	0.03314
26.94	0.02731
26.95	0.02005
26.96	0.01112
26.97	0.00104
26.98	-0.00895
26.99	-0.01747
27	-0.02357
27.01	-0.02683
27.02	-0.02716
27.03	-0.02446
27.04	-0.01876
27.05	-0.01046
27.06	-6.2E-4
27.07	0.00908
27.08	0.0168
27.09	0.0212
27.1	0.02197
27.11	0.01997
27.12	0.01667
27.13	0.01341
27.14	0.0107
27.15	0.00824
27.16	0.00543
27.17	0.00198
27.18	-0.00193
27.19	-0.00587
27.2	-0.00944
27.21	-0.01238
27.22	-0.01442
27.23	-0.01518
27.24	-0.0143
27.25	-0.0117
27.26	-0.00775
27.27	-0.0033
27.28	6E-4
27.29	0.00297
27.3	0.00334
27.31	0.00209
27.32	3E-4
27.33	-6.7E-4
27.34	1E-4
27.35	0.00267
27.36	0.00626
27.37	0.0097
27.38	0.01189
27.39	0.01221
27.4	0.01078
27.41	0.00859
27.42	0.0072
27.43	0.00793
27.44	0.01096
27.45	0.01502
27.46	0.01809
27.47	0.01872
27.48	0.01679
27.49	0.01316
27.5	0.00872
27.51	0.00368
27.52	-0.00208
27.53	-0.0083
27.54	-0.014
27.55	-0.01805
27.56	-0.01994
27.57	-0.02008
27.58	-0.01935
27.59	-0.01853
27.6	-0.01805
27.61	-0.01815
27.62	-0.01899
27.63	-0.02056
27.64	-0.02247
27.65	-0.02406
27.66	-0.02475
27.67	-0.0244
27.68	-0.02327
27.69	-0.02189
27.7	-0.0208
27.71	-0.02042
27.72	-0.02082
27.73	-0.02168
27.74	-0.02238
27.75	-0.0223
27.76	-0.02121
27.77	-0.01919
27.78	-0.01637
27.79	-0.01263
27.8	-0.0078
27.81	-0.00198
27.82	0.00425
27.83	0.01008
27.84	0.01486
27.85	0.01817
27.86	0.01963
27.87	0.01878
27.88	0.01533
27.89	0.00963
27.9	0.00274
27.91	-0.004
27.92	-0.00971
27.93	-0.01431
27.94	-0.01829
27.95	-0.02208
27.96	-0.02563
27.97	-0.02837
27.98	-0.02963
27.99	-0.02907
28	-0.02699
28.01	-0.02419
28.02	-0.02155
28.03	-0.01952
28.04	-0.0179
28.05	-0.01619
28.06	-0.01414
28.07	-0.01196
28.08	-0.01012
28.09	-0.00883
28.1	-0.00778
28.11	-0.00629
28.12	-0.00374
28.13	9E-5
28.14	0.00489
28.15	0.00993
28.16	0.01411
28.17	0.01624
28.18	0.0154
28.19	0.01135
28.2	0.00464
28.21	-0.00362
28.22	-0.01214
28.23	-0.01975
28.24	-0.02547
28.25	-0.02853
28.26	-0.02858
28.27	-0.02581
28.28	-0.02101
28.29	-0.01534
28.3	-0.00997
28.31	-0.00573
28.32	-0.00284
28.33	-9.4E-4
28.34	6.5E-4
28.35	0.00235
28.36	0.00397
28.37	0.0047
28.38	0.00369
28.39	6.4E-4
28.4	-0.00402
28.41	-0.00949
28.42	-0.01503
28.43	-0.02005
28.44	-0.02397
28.45	-0.02606
28.46	-0.02574
28.47	-0.02296
28.48	-0.01843
28.49	-0.01326
28.5	-0.00843
28.51	-0.0045
28.52	-0.00167
28.53	0
28.54	3.6E-4
28.55	-7.8E-4
28.56	-0.00352
28.57	-0.00759
28.58	-0.01219
28.59	-0.01612
28.6	-0.01837
28.61	-0.01872
28.62	-0.01797
28.63	-0.01732
28.64	-0.01742
28.65	-0.01796
28.66	-0.018
28.67	-0.01684
28.68	-0.01459
28.69	-0.01185
28.7	-0.00916
28.71	-0.0067
28.72	-0.00448
28.73	-0.00262
28.74	-0.00128
28.75	-3.2E-4
28.76	7.4E-4
28.77	0.0024
28.78	0.00471
28.79	0.00729
28.8	0.00966
28.81	0.01157
28.82	0.01298
28.83	0.01382
28.84	0.01391
28.85	0.01319
28.86	0.0118
28.87	0.01004
28.88	0.00805
28.89	0.00582
28.9	0.00346
28.91	0.00136
28.92	-1E-5
28.93	-5.6E-4
28.94	-8.9E-4
28.95	-0.00187