100 
0 0
6.06E-07 75989972.58
1.21E-06 137378305.1
1.82E-06 186269300.5
2.42E-06 224497697.3
3.03E-06 253661043.2
3.64E-06 275148336.1
4.24E-06 290165350.6
4.85E-06 299757024
5.45E-06 304827231.2
6.06E-06 306156244.9
6.67E-06 304416142.3
7.27E-06 300184393.4
7.88E-06 293955835.7
8.48E-06 286153221.9
9.09E-06 277136504
9.70E-06 267210997.5
1.03E-05 256634558
1.09E-05 245623882.4
1.15E-05 234360037.1
1.21E-05 222993304.5
1.27E-05 211647426.9
1.33E-05 200423318.9
1.39E-05 189402311.6
1.45E-05 178648984.3
1.52E-05 168213632.3
1.58E-05 158134415.9
1.64E-05 148439227.4
1.70E-05 139147312.6
1.76E-05 130270674
1.82E-05 121815285.5
1.88E-05 113782139.9
1.94E-05 106168150.6
2.00E-05 98966926.75
2.06E-05 92169436.4
2.12E-05 85764572.99
2.18E-05 79739637.43
2.24E-05 74080746.57
2.30E-05 68773178
2.36E-05 63801659.41
2.42E-05 59150610.21
2.48E-05 54804341.66
2.55E-05 50747221.56
2.61E-05 46963808.12
2.67E-05 43438957.75
2.73E-05 40157910.2
2.79E-05 37106354.78
2.85E-05 34270480.17
2.91E-05 31637010.55
2.97E-05 29193230.25
3.03E-05 26926998.58
3.09E-05 24826756.78
3.15E-05 22881528.26
3.21E-05 21080913.4
3.27E-05 19415080.02
3.33E-05 17874750.36
3.39E-05 16451185.26
3.45E-05 15136166.36
3.52E-05 13921976.64
3.58E-05 12801379.99
3.64E-05 11767600.03
3.70E-05 10814298.52
3.76E-05 9935553.786
3.82E-05 9125839.139
3.88E-05 8380001.652
3.94E-05 7693241.354
4.00E-05 7061090.973
4.06E-05 6479396.314
4.12E-05 5944297.338
4.18E-05 5452209.982
4.24E-05 4999808.763
4.30E-05 4584010.171
4.36E-05 4201956.874
4.42E-05 3851002.717
4.48E-05 3528698.519
4.55E-05 3232778.65
4.61E-05 2961148.371
4.67E-05 2711871.907
4.73E-05 2483161.237
4.79E-05 2273365.575
4.85E-05 2080961.501
4.91E-05 1904543.726
4.97E-05 1742816.456
5.03E-05 1594585.323
5.09E-05 1458749.857
5.15E-05 1334296.469
5.21E-05 1220291.912
5.27E-05 1115877.202
5.33E-05 1020261.961
5.39E-05 932719.1634
5.45E-05 852580.26
5.52E-05 779230.6498
5.58E-05 712105.4868
5.64E-05 650685.7919
5.70E-05 594494.8535
5.76E-05 543094.8962
5.82E-05 496083.9996
5.88E-05 453093.2492
5.94E-05 413784.1047
6.00E-05 377845.9686
