30 
0 0
5.17E-06 21623803.68
1.03E-05 42994088.04
1.55E-05 63860306.03
2.07E-05 83977820.31
2.59E-05 103110771.4
3.10E-05 121034843
3.62E-05 137539891.8
4.14E-05 152432411
4.66E-05 165537799.6
5.17E-05 176702408.9
5.69E-05 185795344
6.21E-05 192709998.5
6.72E-05 197365304.5
7.24E-05 199706682.8
7.76E-05 199706682.8
8.28E-05 197365304.5
8.79E-05 192709998.5
9.31E-05 185795344
9.83E-05 176702408.9
0.000103448 1.66E+08
0.000108621 152432411
0.000113793 137539891.8
0.000118966 121034843
0.000124138 103110771.4
0.00012931 83977820.31
0.000134483 63860306.03
0.000139655 42994088.04
0.000144828 21623803.68
0.00015 2.45E-08
