101
0 0
2.81E-07 1609584476
3.80E-07 930409869.9
4.78E-07 646568267.8
5.76E-07 510373546.3
6.74E-07 431379262.1
7.72E-07 376333535.4
8.70E-07 332812561.8
9.69E-07 295998784.3
1.07E-06 263871509.3
1.16E-06 235455460.1
1.26E-06 210181114.9
1.36E-06 187649458.1
1.46E-06 167544011
1.56E-06 149596657.1
1.66E-06 133573253.5
1.75E-06 119266646.2
1.85E-06 106492562.5
1.95E-06 95086718.62
2.05E-06 84902518.04
2.15E-06 75809098.62
2.24E-06 67689626.24
2.34E-06 60439784.59
2.44E-06 53966431.69
2.54E-06 48186402.04
2.64E-06 43025437.69
2.74E-06 38417234.14
2.83E-06 34302588.39
2.93E-06 30628638.34
3.03E-06 27348183.64
3.13E-06 24419079.29
3.23E-06 21803694.22
3.32E-06 19468427.78
3.42E-06 17383278.1
3.52E-06 15521456.63
3.62E-06 13859043.99
3.72E-06 12374682.67
3.82E-06 11049302.63
3.91E-06 9865876.31
4.01E-06 8809199.876
4.11E-06 7865697.888
4.21E-06 7023248.892
4.31E-06 6271029.691
4.40E-06 5599376.299
4.50E-06 4999659.781
4.60E-06 4464175.4
4.70E-06 3986043.626
4.80E-06 3559121.756
4.90E-06 3177924.996
4.99E-06 2837555.996
5.09E-06 2533641.933
5.19E-06 2262278.332
5.29E-06 2019978.903
5.39E-06 1803630.751
5.48E-06 1610454.387
5.58E-06 1437968.017
5.68E-06 1283955.654
5.78E-06 1146438.658
5.88E-06 1023650.304
5.98E-06 914013.0936
6.07E-06 816118.4853
6.17E-06 728708.7973
6.27E-06 650661.0508
6.37E-06 580972.5429
6.47E-06 518747.9644
6.56E-06 463187.8974
6.66E-06 413578.5448
6.76E-06 369282.5606
6.86E-06 329730.8606
6.96E-06 294415.3125
7.05E-06 262882.2066
7.15E-06 234726.4276
7.25E-06 209586.2498
7.35E-06 187138.6898
7.45E-06 167095.3568
7.55E-06 149198.7483
7.64E-06 133218.9411
7.74E-06 118950.6378
7.84E-06 106210.5292
7.94E-06 94834.93927
8.04E-06 84677.72238
8.13E-06 75608.38572
8.23E-06 67510.41278
8.33E-06 60279.76646
8.43E-06 53823.55247
8.53E-06 48058.82588
8.63E-06 42911.52551
8.72E-06 38315.52245
8.82E-06 34211.77045
8.92E-06 30547.54738
9.02E-06 27275.77785
9.12E-06 24354.42847
9.21E-06 21745.96777
9.31E-06 19416.88407
9.41E-06 17337.25494
9.51E-06 15480.36274
9.61E-06 13822.35143
9.71E-06 12341.92004
9.80E-06 11020.04901
9.90E-06 9839.755874
1.00E-05 8785.877047
